tree
version=v4
num_class=1
num_tree_per_iteration=1
label_index=0
max_feature_idx=336
objective=binary sigmoid:1
feature_names=Column_0 Column_1 Column_2 Column_3 Column_4 Column_5 Column_6 Column_7 Column_8 Column_9 Column_10 Column_11 Column_12 Column_13 Column_14 Column_15 Column_16 Column_17 Column_18 Column_19 Column_20 Column_21 Column_22 Column_23 Column_24 Column_25 Column_26 Column_27 Column_28 Column_29 Column_30 Column_31 Column_32 Column_33 Column_34 Column_35 Column_36 Column_37 Column_38 Column_39 Column_40 Column_41 Column_42 Column_43 Column_44 Column_45 Column_46 Column_47 Column_48 Column_49 Column_50 Column_51 Column_52 Column_53 Column_54 Column_55 Column_56 Column_57 Column_58 Column_59 Column_60 Column_61 Column_62 Column_63 Column_64 Column_65 Column_66 Column_67 Column_68 Column_69 Column_70 Column_71 Column_72 Column_73 Column_74 Column_75 Column_76 Column_77 Column_78 Column_79 Column_80 Column_81 Column_82 Column_83 Column_84 Column_85 Column_86 Column_87 Column_88 Column_89 Column_90 Column_91 Column_92 Column_93 Column_94 Column_95 Column_96 Column_97 Column_98 Column_99 Column_100 Column_101 Column_102 Column_103 Column_104 Column_105 Column_106 Column_107 Column_108 Column_109 Column_110 Column_111 Column_112 Column_113 Column_114 Column_115 Column_116 Column_117 Column_118 Column_119 Column_120 Column_121 Column_122 Column_123 Column_124 Column_125 Column_126 Column_127 Column_128 Column_129 Column_130 Column_131 Column_132 Column_133 Column_134 Column_135 Column_136 Column_137 Column_138 Column_139 Column_140 Column_141 Column_142 Column_143 Column_144 Column_145 Column_146 Column_147 Column_148 Column_149 Column_150 Column_151 Column_152 Column_153 Column_154 Column_155 Column_156 Column_157 Column_158 Column_159 Column_160 Column_161 Column_162 Column_163 Column_164 Column_165 Column_166 Column_167 Column_168 Column_169 Column_170 Column_171 Column_172 Column_173 Column_174 Column_175 Column_176 Column_177 Column_178 Column_179 Column_180 Column_181 Column_182 Column_183 Column_184 Column_185 Column_186 Column_187 Column_188 Column_189 Column_190 Column_191 Column_192 Column_193 Column_194 Column_195 Column_196 Column_197 Column_198 Column_199 Column_200 Column_201 Column_202 Column_203 Column_204 Column_205 Column_206 Column_207 Column_208 Column_209 Column_210 Column_211 Column_212 Column_213 Column_214 Column_215 Column_216 Column_217 Column_218 Column_219 Column_220 Column_221 Column_222 Column_223 Column_224 Column_225 Column_226 Column_227 Column_228 Column_229 Column_230 Column_231 Column_232 Column_233 Column_234 Column_235 Column_236 Column_237 Column_238 Column_239 Column_240 Column_241 Column_242 Column_243 Column_244 Column_245 Column_246 Column_247 Column_248 Column_249 Column_250 Column_251 Column_252 Column_253 Column_254 Column_255 Column_256 Column_257 Column_258 Column_259 Column_260 Column_261 Column_262 Column_263 Column_264 Column_265 Column_266 Column_267 Column_268 Column_269 Column_270 Column_271 Column_272 Column_273 Column_274 Column_275 Column_276 Column_277 Column_278 Column_279 Column_280 Column_281 Column_282 Column_283 Column_284 Column_285 Column_286 Column_287 Column_288 Column_289 Column_290 Column_291 Column_292 Column_293 Column_294 Column_295 Column_296 Column_297 Column_298 Column_299 Column_300 Column_301 Column_302 Column_303 Column_304 Column_305 Column_306 Column_307 Column_308 Column_309 Column_310 Column_311 Column_312 Column_313 Column_314 Column_315 Column_316 Column_317 Column_318 Column_319 Column_320 Column_321 Column_322 Column_323 Column_324 Column_325 Column_326 Column_327 Column_328 Column_329 Column_330 Column_331 Column_332 Column_333 Column_334 Column_335 Column_336
feature_infos=[-0.0061162989586591721:0.0035107806324958801] [-0.0031608962453901768:0.0033472024369984865] [-0.0033598493319004774:0.0036334078758955002] [-0.0036334078758955002:0.0033598493319004774] [0:0.0085599655285477638] [0:1] [-0.012223785743117332:0.0042661596089601517] [-0.014351047575473785:0.015778644010424614] [-0.0085758045315742493:0.0059473011642694473] [-0.014240287244319916:0.0044659608975052834] [-0.0064061284065246582:0.017341496422886848] [-0.0040358677506446838:0.0040030032396316528] [-0.0094239264726638794:0.010017318651080132] [-0.0078327395021915436:0.010022401809692383] [-0.022141732275485992:0.011504275724291801] [-0.010022401809692383:0.0078327395021915436] [-0.0085809603333473206:0.0090956166386604309] [-0.00537486607208848:0.0066928430460393429] [-0.0090981321409344673:0.0063577662222087383] [-0.0063577662222087383:0.0090981321409344673] [0:0.0092163067311048508] [0:1] [-0.012353542260825634:0.0098746102303266525] [-0.022800132632255554:0.025202533230185509] [-0.0096520930528640747:0.0079780071973800659] [-0.01394631527364254:0.010373137891292572] [-0.011908289976418018:0.017741125077009201] [-0.012873008847236633:0.0084736943244934082] [-0.010966014117002487:0.017873648554086685] [-0.011246364563703537:0.017538571730256081] [-0.022648070007562637:0.019214693456888199] [-0.017538571730256081:0.011246364563703537] [-0.0090149529278278351:0.0095694586634635925] [-0.0065416400320827961:0.0077273454517126083] [-0.0095856161788105965:0.0072195995599031448] [-0.0072195995599031448:0.0095856161788105965] [0:0.010143095627427101] [0:1] [-0.011775976046919823:0.010240495204925537] [-0.01633874699473381:0.02824791893362999] [-0.013139985501766205:0.0080301389098167419] [-0.018278591334819794:0.011295868083834648] [-0.019800290465354919:0.01766245998442173] [-0.012862611562013626:0.0078267008066177368] [-0.010911647230386734:0.019751952961087227] [-0.011206492781639099:0.019244207069277763] [-0.022353719919919968:0.020922916010022163] [-0.019244207069277763:0.011206492781639099] [-0.012023195624351501:0.016660302877426147] [-0.010440287180244923:0.0082254828885197639] [-0.016415484249591827:0.012603280134499073] [-0.012603280134499073:0.016415484249591827] [0:0.016034657135605812] [0:1] [-0.01604112982749939:0.011812582612037659] [-0.016806766390800476:0.0280276108533144] [-0.015569865703582764:0.03249271959066391] [-0.015462771058082581:0.020979836583137512] [-0.02286611869931221:0.018477683886885643] [-0.016589254140853882:0.012177824974060059] [-0.011119149625301361:0.020016824826598167] [-0.016321063041687012:0.019209384918212891] [-0.027066612616181374:0.02608080580830574] [-0.019209384918212891:0.016321063041687012] [-0.01895160973072052:0.021962106227874756] [-0.010795459151268005:0.017173377797007561] [-0.021439388394355774:0.019463077187538147] [-0.019463077187538147:0.021439388394355774] [0:0.016367578878998756] [0:1] [-0.021364465355873108:0.018547505140304565] [-0.021645903587341309:0.032679297029972076] [-0.020339533686637878:0.040101766586303711] [-0.019274547696113586:0.026379555463790894] [-0.024329023435711861:0.019037708640098572] [-0.022171154618263245:0.01921921968460083] [-0.011070188134908676:0.022740760818123817] [-0.021505184471607208:0.021907882764935493] [-0.022142551839351654:0.027477994561195374] [-0.021907882764935493:0.021505184471607208] [-0.025288283824920654:0.027276590466499329] [-0.011067819781601429:0.017667820677161217] [-0.025975549593567848:0.025434317067265511] [-0.025434317067265511:0.025975549593567848] [0:0.017173070460557938] [0:1] [-0.026403695344924927:0.024226143956184387] [-0.031295955181121826:0.035097263753414154] [-0.028359517455101013:0.04020962119102478] [-0.02401222288608551:0.029653929173946381] [-0.027117356657981873:0.024741828441619873] [-0.027322545647621155:0.025108456611633301] [-0.015626773238182068:0.024973206222057343] [-0.026659004390239716:0.024824745953083038] [-0.023674514144659042:0.029328528791666031] [-0.024824745953083038:0.026659004390239716] [0:1] [0:1] [0:0.0026476974599063396] [-0.0060975924134254456:0.0035169054754078388] [-0.0085442150011658669:0.0091370949521660805] [-0.0093992063775658607:0.0095823844894766808] [-0.018841762095689774:0.018526656553149223] [-0.025061510503292084:0.019992901012301445] [-0.0067971646785736084:0.0053102467209100723] [0:1] [-0.0079639218747615814:0.0071697109378874302] [0:1] [-0.015931796282529831:0.0082397181540727615] [0:1] [-0.023434041067957878:0.010461078956723213] [0:1] [-0.00084503740072250366:0.00074933393625542521] [-0.015651050955057144:0.0056602694094181061] [-0.99798679351806641:0.9558672308921814] [0:1] [0:1] [0:1] [-0.00090192502830177546:0.0025819891598075628] [0:1] [-2.1242644786834717:2.1102550029754639] [0:0.046607494354248047] [0:0.0044232322834432125] [0:0.0039470382034778595] [8.0916322531265905e-08:0.0030659709591418505] [0:1] [-0.019236033782362938:0] [0:0.019162096083164215] [0:1] [-0.025106661021709442:0] [0:0.026880433782935143] [0:1] [-0.031526040285825729:0] [0:0.032352305948734283] [-0.0017326191300526261:0.0014985736925154924] [-0.92880105972290039:0.89629912376403809] [0:1] [-0.0090352026745676994:0.010539919137954712] [-0.024259762838482857:0.017366914078593254] [-0.030825300142168999:0.032465983182191849] [-0.034450218081474304:0.018896384164690971] [-0.038312748074531555:0.019825734198093414] [-0.019485604017972946:0.0095356106758117676] [0:1] [-0.027075007557868958:0.0088045196607708931] [0:1] [-0.038302212953567505:0.014200188219547272] [0:1] [-0.051706761121749878:0.016759147867560387] [0:1] [-0.0029293119441717863:0.0009187028044834733] [-0.01985597051680088:0.009408918209373951] [-1:0.88684499263763428] [0:1] [0:1] [0:1] [-0.0030340529046952724:0.0021089287474751472] [0:1] [-2.1158361434936523:2.1151227951049805] [0:0.050310589373111725] [9.1093431409117187e-11:0.0088087785989046097] [1.8457962141837925e-05:0.0062964190728962421] [3.7043242627987638e-05:0.0053069940768182278] [0:1] [-0.035449251532554626:0] [0:0.035704877227544785] [0:1] [-0.039705157279968262:0] [0:0.035704877227544785] [0:1] [-0.059796493500471115:0] [0:0.035704877227544785] [-0.0017950240289792418:0.0010963724926114082] [-0.88910311460494995:0.8357129693031311] [0:1] [-0.024259762838482857:0.022205006331205368] [-0.034566879272460938:0.025840286165475845] [-0.03631894662976265:0.018021227791905403] [-0.053794968873262405:0.019728230312466621] [-0.076992467045783997:0.023507691919803619] [-0.029851142317056656:0.010408833622932434] [0:1] [-0.039813283830881119:0.01420372910797596] [0:1] [-0.065798431634902954:0.016220433637499809] [0:1] [-0.099547676742076874:0.017046721652150154] [0:1] [-0.0043646427802741528:0.0014741903869435191] [-0.037053376436233521:0.0093061113730072975] [-1:0.92279559373855591] [0:1] [0:1] [0:1] [-0.0027025269810110331:0.0035978634841740131] [0:1] [-2.0501043796539307:2.1155338287353516] [0.0001593229389982298:0.064004950225353241] [2.6797513783094473e-05:0.010510792024433613] [5.076676097814925e-05:0.0081451870501041412] [0.00012317727669142187:0.010752401314675808] [0:1] [-0.054136320948600769:0] [0:0.032352305948734283] [0:1] [-0.077966250479221344:0] [0:0.032352305948734283] [0:1] [-0.15296667814254761:0] [0:0.22620865702629089] [-0.0026102950796484947:0.0014808323467150331] [-0.88598990440368652:0.94203436374664307] [0:1] [-0.030825300142168999:0.027651967480778694] [-0.03631894662976265:0.018021227791905403] [-0.053794968873262405:0.018789751455187798] [-0.076992467045783997:0.023507691919803619] [-0.15282990038394928:0.026432069018483162] [-0.037342153489589691:0.012071222998201847] [0:1] [-0.055895313620567322:0.014810801483690739] [0:1] [-0.099361777305603027:0.016814285889267921] [0:1] [-0.13033092021942139:0.02325398288667202] [0:1] [-0.0062320600263774395:0.0015362781705334783] [-0.064425408840179443:0.011957357637584209] [-1:0.95421236753463745] [0:1] [0:1] [0:1] [-0.0022143661044538021:0.0046786805614829063] [0:1] [-1.9781508445739746:2.0212082862854004] [0.00037271951441653073:0.22096642851829529] [5.2207025873940438e-05:0.013110553845763206] [0.00013504919479601085:0.030341140925884247] [0.0001895441091619432:0.017388585954904556] [0:1] [-0.077966250479221344:0] [0:0.032352305948734283] [0:1] [-0.15296667814254761:0] [0:0.22620865702629089] [0:1] [-0.17911288142204285:0] [0:0.22620865702629089] [-0.0049060401506721973:0.0015650995774194598] [-0.87423920631408691:0.84577882289886475] [0:1] [-0.034450218081474304:0.024058403447270393] [-0.053794968873262405:0.018187541514635086] [-0.076992467045783997:0.023306772112846375] [-0.1491706520318985:0.026432069018483162] [-0.17640130221843719:0.034291904419660568] [-0.05126943439245224:0.013163136318325996] [0:1] [-0.084062792360782623:0.013708487153053284] [0:1] [-0.12799616158008575:0.023113904520869255] [0:1] [-0.14890594780445099:0.027577333152294159] [0:1] [-0.0096608307212591171:0.001423484762199223] [-0.083179980516433716:0.016163947060704231] [-1:0.99028778076171875] [0:1] [0:1] [0:1] [-0.0078845107927918434:0.0032226352486759424] [0:1] [-2.0276551246643066:2.0591192245483398] [0.00072154978988692164:0.30073851346969604] [0.00012612300633918494:0.043301351368427277] [0.00018770578026305884:0.031576391309499741] [0.0002769273123703897:0.024797221645712852] [0:1] [-0.14978669583797455:0] [0:0.22620865702629089] [0:1] [-0.17911288142204285:0] [0:0.22620865702629089] [0:1] [-0.18068006634712219:0] [0:0.22620865702629089] [-0.011891766451299191:0.0016135995974764228] [-0.75074917078018188:0.77045750617980957] [0:1] [-0.029325529932975769:0.02271166630089283] [-0.1491706520318985:0.026718834415078163] [-0.16388587653636932:0.031377330422401428] [-0.16518302261829376:0.035516183823347092] [-0.16343951225280762:0.053389415144920349] [-0.090682022273540497:0.018403751775622368] [0:1] [-0.12064804881811142:0.024469563737511635] [0:1] [-0.14113141596317291:0.032884862273931503] [0:1] [-0.14530719816684723:0.045768052339553833] [0:1] [-0.014442220330238342:0.0025142217054963112] [-0.083686113357543945:0.02274228073656559] [-1:0.95012545585632324] [0:1] [0:1] [0:1] [-0.022445101290941238:0.0066255116835236549] [0:1] [-1.9640529155731201:2.0499212741851807] [0.0019137969939038157:0.33424630761146545] [0.00032856533653102815:0.044770825654268265] [0.00057757896138355136:0.032100781798362732] [0.00029668217757716775:0.031089238822460175] [0:1] [-0.1691526472568512:0] [0:0.22911079227924347] [0:1] [-0.17073884606361389:0] [0:0.22911079227924347] [0:1] [-0.17073884606361389:0] [0:0.24199849367141724] [-0.013666055165231228:0.0028236445505172014] [-0.72663068771362305:0.63131207227706909] [0:1] [0:1] [-0.69503295421600342:0.64941781759262085] [-1:1.2246468525851679e-16] [-1:0.86383551359176636] [0:6] [0:1] [0:1] [-2.9338786602020264:7.531343936920166] [0:1] none
tree_sizes=25513 25515 25847

Tree=0
num_leaves=224
num_cat=0
split_feature=108 51 35 329 22 38 90 208 93 110 329 74 74 329 330 329 110 330 19 38 284 131 5 160 35 50 240 48 46 272 45 202 95 222 114 329 22 329 330 129 330 77 179 249 123 330 102 19 91 329 120 215 1 330 114 74 179 325 99 110 239 210 36 90 140 74 49 134 33 203 102 313 215 236 59 24 67 303 311 237 249 298 198 210 238 44 313 8 240 34 62 330 325 38 46 329 110 90 313 87 48 325 286 77 325 198 123 236 329 298 210 212 160 125 129 1 172 22 62 135 77 160 36 334 38 237 1 325 334 12 123 90 114 237 20 251 48 62 20 76 114 102 313 244 22 87 90 64 16 29 113 124 329 91 63 48 12 95 87 45 224 328 310 95 33 51 48 19 166 311 124 54 321 87 140 7 240 24 275 125 275 236 325 19 330 19 1 10 59 9 293 38 240 325 170 160 102 87 46 67 19 318 121 247 298 198 325 135 99 93 311 215 90 236 158 12 311 29 51 135 24 87 198
split_gain=537.393 137.749 85.9135 60.6282 51.2414 41.765 31.7959 30.0166 29.6923 29.4708 29.4558 28.5635 25.2093 26.7859 41.0841 29.0075 22.8115 22.1055 21.2335 21.9273 19.3931 19.5337 19.1609 18.8902 18.1666 17.0287 16.8112 16.753 16.3922 16.2383 16.1785 16.0489 14.7043 14.682 14.4799 14.2827 15.6324 14.2779 25.7861 17.1474 14.1988 14.1409 14.1037 13.9958 13.8978 13.8201 13.7374 13.7366 13.6571 13.5864 13.4694 13.4276 13.1477 13.0885 12.6568 12.4373 13.7463 12.3131 12.2885 12.2715 12.0064 11.9518 11.9039 12.3155 11.6854 11.6819 11.3099 11.1735 11.1211 11.2443 11.7296 11.6946 10.8079 10.7339 10.7191 10.4171 10.3426 10.2467 10.2437 12.7077 11.0383 10.1072 10.0442 10.559 14.8913 12.5396 12.0156 10.2923 10.0177 10.0149 12.8637 11.1595 10.0145 9.99416 9.88 9.87389 9.80309 9.6484 9.17835 9.04379 8.87961 8.87656 8.87107 8.80853 11.2883 8.72134 12.912 12.542 9.70369 9.46627 9.77118 10.1305 8.69395 8.66774 8.6249 12.4999 12.6415 10.0875 9.4508 9.01223 8.85536 9.12743 8.58933 8.4658 8.38529 8.30504 9.09182 11.876 9.30949 8.52672 8.25382 9.21758 8.21036 10.8483 8.20333 8.19066 8.17557 8.69378 8.10287 8.06098 9.687 9.33466 9.30675 7.95336 7.88912 7.87343 7.861 7.8544 7.70703 10.1522 7.62472 7.61086 7.55408 7.48564 7.43902 7.38833 7.23445 7.17427 7.14236 7.03995 7.80246 7.02003 7.46931 7.00404 6.94593 6.89348 6.8015 6.75004 7.07661 6.73563 6.70637 6.70376 6.69154 6.65676 6.64763 6.59638 6.58961 6.63367 6.57404 6.5563 6.48444 6.37386 6.30353 6.22972 6.18432 6.10617 5.97976 5.9792 5.96465 5.90094 5.5879 5.52607 5.39652 5.39104 5.37552 5.3234 5.17932 5.16121 5.16098 5.01101 4.88741 4.83504 4.77495 4.34533 7.27069 12.3252 4.28049 4.25032 4.06073 3.99574 3.94434 3.26304 4.34806 3.0293 2.93129 2.46371 2.42756 2.42006 2.1456 2.07993 2.02914 1.77354 1.57123
threshold=2.9761466976196974e-05 -3.54426447302103e-06 -2.0029954612255093e-05 -0.90905222296714772 0.00018462911248207095 -0.0001582633703947067 -0.00018232688307762143 -0.0013477497268468139 -0.00019007828086614606 -7.8486151323886575e-05 -0.78666386008262623 0.00032633543014526373 0.00011394545435905458 -0.62421905994415272 -0.15858851373195645 -0.8468879461288451 -4.8769148634164587e-05 0.27353890240192419 -3.3543445169925683e-05 -4.9919355660676949e-05 -0.0034626215929165478 0.65353390574455272 0.75000000000000011 7.1818900323705761e-05 6.2287475884659229e-05 4.0557390093454167e-05 -0.0018071790691465137 2.7675181627273563e-05 -0.00029366835951805109 -0.35861587524414057 7.6996162533760084e-05 -0.0017908369190990923 -3.118347376585006e-05 -0.0013072690926492212 0.25915005803108221 -0.83985477685928334 0.00010330602526664735 -0.86493045091629017 0.4166764914989472 -0.00038259511347860092 -0.045798758044838898 2.4377834051847461e-05 0.00014610087237088012 0.090526379644870772 4.2816667701117701e-05 0.31937207281589514 0.00020085413416381928 1.9877993508998774e-05 0.00017550773918628695 -0.96976330876350392 0.48426675796508795 0.0004800345486728475 3.5182883948436945e-05 0.14996640384197238 0.018513665534555915 -0.00039921328425407404 0.00076413454371504496 -0.082945041358470903 -9.3296072009252371e-05 4.7476805775659166e-05 0.31488120555877691 1.0000000180025095e-35 6.3532232161378501e-05 0.00045050308108329778 -0.00030707790574524546 -0.00012200756464153527 2.8930604457855228e-05 7.1571835178474438e-06 -0.00024495895195286716 0.0013915403396822514 -0.00054289246327243734 0.0022589672589674596 0.00024458910047542309 0.00060137012042105209 4.0534883737564094e-05 6.8081542849540724e-05 -3.8647791370749467e-05 -0.0041097123175859443 0.013896778225898744 0.000686604209477082 -0.13789886981248853 0.0029775543371215467 0.00018345803982811051 -5.8419350352778557e-06 0.00087994625209830712 -5.8863312005996697e-05 0.0016894762520678344 -7.2973780333995811e-06 -0.0048935606610029927 -3.6959536373615258e-05 9.1361347585916533e-05 0.032719003967940814 0.088659837841987624 6.4427498728036894e-05 -9.2329457402229296e-05 -0.89395666122436512 -0.00015112874098122117 2.9218383133411411e-05 0.0027798385126516227 0.0001414190046489239 -1.1134892702102659e-05 -0.053471976891160004 -9.9187203886685879e-05 -0.00014590844511985776 0.082949642091989531 0.00029982009436935192 5.335468995326665e-05 0.00025742746947798883 -0.77851521968841542 0.0060280198231339463 -3.8429256164818064e-05 0.55000001192092907 0.00013601986574940386 0.43403539061546331 -0.00041429769771639252 -3.7046926081529812e-05 2.7324890652380422e-06 -7.8261829912662493e-05 0.0001298543065786362 -0.11192822456359862 -7.5627118349075304e-05 0.00013970796862849968 0.00015374568465631458 0.56217709183692943 -5.5029056966304772e-05 0.00076959648868069064 -7.9069286584854109e-06 -0.076126776635646806 -0.38910883665084833 -1.7835176549851891e-05 5.335468995326665e-05 -0.00027395412325859064 -0.17652316391468045 0.0005600213771685959 0.00017277064034715298 5.4812239795865034e-06 -2.777948975563049e-05 -2.8340145945549008e-05 9.2257389042060836e-05 -2.9591843485832211e-05 -0.15800815820693967 2.8035077775712128e-05 0.001829152519349009 0.005104153649881483 3.6753946915268905e-05 -1.2558884918689726e-05 -4.2964238673448554e-06 -0.00034575234167277808 0.00011071655899286271 8.5810199379920973e-05 7.240258491947317e-05 0.00014882595132803547 -0.78666386008262623 -0.00018176948651671407 5.1097129471600062e-05 -0.00019617727957665918 1.7048791050910953e-05 -6.0935504734516137e-05 -0.00014293752610683438 0.00011903233826160432 0.00064644301892258238 0.13562925159931186 0.3099344670772553 -9.8345801234245287e-05 -4.8744181185611517e-05 -5.5480748414993279e-05 -5.6885182857513419e-06 -6.5195374190807329e-05 0.69454899430274974 0.0096304202452301996 8.5755640611751019e-05 -5.6991353631019586e-05 0.4425004124641419 9.4668939709663405e-05 0.00010011541235144251 -5.5145937949419013e-06 -0.00084168955800123502 -2.3154541850090023e-05 0.00084502549725584697 0.83137145638465892 0.0010423423955217006 0.00036446769081521785 -0.019875973463058468 -6.1112921684980379e-05 -0.054514370858669274 -4.4449310735217289e-05 -1.7063692212104794e-05 4.0444545447826392e-05 -0.00013314001262187955 2.9590009944513444e-06 -0.0001773182884790003 2.4655833840370182e-05 -0.00099609373137354829 -0.13950645923614499 -0.0022341761505231257 0.0001580788230057806 0.00024238445621449503 -0.00010641757398843764 -2.1917745471000668e-05 0.00020945689175277951 6.8082397774560391e-05 0.48635917901992803 0.00060283098719082784 0.0062679711263626823 -0.0014950738986954091 0.00037219602381810551 -0.040064424276351922 -0.031055086292326447 1.0675805242499338e-05 -4.2731873691081994e-05 0.012863723561167719 -0.0008715823059901594 0.00017534079961478713 0.00051473634084686648 0.603908270597458 8.6799263954162608e-07 0.010968223214149477 -1.3342127203941344e-05 -9.9050128483213471e-05 -0.07526592910289763 4.8991292715072639e-05 -0.00014293752610683438 0.00033572668326087301
decision_type=10 10 8 8 10 10 10 8 10 10 10 10 10 10 10 10 10 10 10 10 8 10 2 10 10 10 8 10 8 10 10 8 10 8 10 10 10 10 10 10 10 8 10 8 10 10 10 10 10 10 10 8 10 10 10 10 10 8 10 10 8 10 10 10 10 10 10 10 10 10 10 10 10 10 10 10 10 10 10 10 10 10 10 10 10 10 8 10 10 10 10 10 10 10 10 10 10 10 8 8 10 10 10 10 8 10 10 8 10 10 8 10 10 10 10 10 10 10 10 10 10 10 10 10 10 10 10 10 10 10 10 10 10 10 10 8 10 10 10 10 10 10 8 10 10 10 10 10 10 10 10 10 10 10 10 10 10 10 10 10 10 10 10 10 10 8 10 10 10 10 10 10 10 10 10 10 8 10 10 10 10 10 10 10 10 10 10 10 10 10 10 10 10 10 10 10 10 10 10 10 10 10 10 10 10 10 8 10 10 10 10 10 10 8 10 10 10 10 10 10 10 10 10
left_child=1 3 8 4 6 10 26 18 31 17 11 28 13 14 15 48 24 27 19 152 25 167 34 -11 37 53 -1 89 -4 188 46 -2 114 -26 66 163 43 38 39 -5 209 65 78 62 181 54 72 -36 59 187 166 -47 60 73 -33 134 58 -35 -57 -7 170 95 -37 132 -52 100 97 147 151 71 -71 105 185 112 176 136 -60 -28 79 153 -80 169 102 84 85 -84 -86 -88 -73 -8 91 96 184 165 -72 -23 208 158 203 -6 101 -9 -78 124 145 107 -107 191 -108 110 190 207 -10 -17 117 119 118 194 120 -116 -117 -122 -49 206 -31 126 127 -44 -128 -127 179 196 -64 -134 186 -97 -62 -138 -51 142 -141 -142 201 211 161 -105 -75 -21 149 -32 -68 -39 -3 -14 219 -119 -151 -93 -16 160 175 162 189 -18 -164 -83 -12 173 -169 214 -15 -85 -40 -22 -139 -149 -43 -178 -19 -115 -81 -25 -135 -96 -79 -27 -34 -46 -24 -67 -109 -70 -42 -54 -20 -55 -132 -163 -45 221 -176 -110 -157 204 215 -206 -66 220 -91 -30 -131 -90 -213 -92 -63 -56 -195 -133 -186 -61 -112 -58 -156
right_child=2 7 5 16 99 12 9 41 20 23 50 -13 42 52 22 113 35 178 32 67 21 61 29 44 33 30 77 -29 40 103 148 45 55 57 47 36 -38 68 172 -41 192 74 125 198 49 51 -48 122 -50 138 64 -53 193 195 98 56 199 -59 76 154 75 81 63 -65 123 144 150 -69 69 70 94 88 -74 146 -76 -77 82 92 80 180 -82 93 83 171 86 -87 87 -89 143 90 213 157 -94 -95 183 135 -98 -99 -100 -101 -102 -103 -104 104 -106 106 108 109 139 -111 111 -113 -114 130 115 116 -118 155 -120 -121 121 -123 -124 -125 -126 129 128 -129 -130 210 131 217 133 182 -136 -137 137 174 -140 140 141 -143 -144 -145 -146 -147 -148 159 -150 156 -152 -153 -154 -155 222 202 -158 -159 -160 -161 -162 197 164 -165 -166 -167 -168 168 -170 -171 -172 -173 -174 -175 200 -177 177 -179 -180 -181 -182 -183 -184 -185 218 -187 -188 -189 -190 -191 -192 -193 -194 216 -196 -197 -198 -199 -200 -201 -202 -203 -204 -205 205 -207 -208 -209 -210 -211 -212 212 -214 -215 -216 -217 -218 -219 -220 -221 -222 -223 -224
leaf_value=-0.0014151324349593892 0.0047502907710619277 0.0036449512476389246 -0.00081128111965166885 0.016995851296478223 0.009026938130399273 -0.0020280368782395614 0.006427743010348359 0.003119214117306866 0.00069674025759756367 0.010512616071355303 -0.0016023747963685737 0.0018747859682430497 0.0068074279770830625 0.0082071510163268073 -0.0068889888159139288 0.0027644117653979547 0.0023965502024296008 0.00099224158785495009 -0.0011712007701819914 0.0035393394925286505 0.0097239245283600971 0.0054811491979624236 0.0018653044777807628 0.0029150898045242476 0.0062108460944254318 0.0039291384616438208 -0.00012089203121938043 0.0037679990377792764 -0.013632390878549722 0.0065929063163223571 0.011945866329053458 0.0026788467548431922 0.0036857801244876004 0.0034855219877705824 -0.00013724628327838788 0.0062644722970320501 0.0084371075560572932 0.013042366449484106 0.00078855099394180197 0.0056857818530238443 -0.0017980661514455515 0.00068625263793347952 -0.0098906476100545319 0.0093624406705613561 0.010094631752283019 0.005109287650593407 -0.0020228921361550994 -0.01013091930345315 -0.00069146099108985783 0.0054758206371220159 0.0022498117730401189 -0.0029305455591829991 0.00040348352440127224 0.0078705599125336902 -0.0026965061699914866 0.006475827883470669 0.0089684229649968882 -0.0039758489761405882 0.0048524723652368287 -0.0082124196416984343 -0.0054120762018957493 -0.0027941985545151789 0.0035191133137762471 0.0054901674902176692 -0.003309360539325042 0.0013213761218595745 -0.00043192514218479356 0.0024526138539658292 -0.001390468569783939 0.0073200740641311589 0.0048093346212850652 0.0024229453663292479 0.0010286683058349406 -0.00072910010532242298 -0.0014454116192015609 0.0053578833912227876 0.0016083356636513108 0.0039311643283702312 0.00079199111705075811 -0.0053161219975543846 0.008813506914792206 0.0055586401736538015 0.0012782926844737144 0.00096119184457145413 -0.0042920485332720356 0.0095058593962911442 0.0052123738964647472 -0.00187161599061477 0.014146525598145001 0.018432645854895964 0.0093981156076973042 0.011617330685823017 0.0013838649038455998 -0.0033518356549072344 -0.0047406947932565275 -0.0041716955005048802 0.0094797716002680797 0.0020840509446152038 0.0013711442036528163 0.017864783043300581 -0.0068454086177091068 -0.0044808936003687284 -0.0057770489289997173 -0.0063763472379145848 0.0032942299270665443 -0.001720936234320175 7.5992648179154434e-05 0.0019023610777508455 0.005570825771040371 0.0018757644850637763 0.0086604013741095331 0.0041018246341081432 -0.0075515744036884283 -0.0031501915410151963 0.0028063279879086849 0.0020187603281345556 -0.00077644263083572048 0.0035094186980165467 0.0015702415581056364 -0.003880751942774153 0.0048860892634911939 0.01228083823935594 -0.0021719545230559781 -0.00040124573132828585 -0.00089150763940229558 0.0057108964582521125 0.0043352142666844423 -0.00024253882384516097 -0.0025786855413005173 0.00226857825301478 0.0021843448512691888 -0.0087723667485716372 0.0018953243804373122 -0.0076203626922292534 -0.0064758112618995747 0.0028947056908564467 0.0036270968792094307 0.002803023816402561 -0.0015546614728135949 -0.00097508578421533904 0.008077619954722547 0.00091737730498849695 0.0029352253210845891 0.0044959606412070304 0.0039307647568607587 -9.0290213609844037e-06 0.0059373430832213303 0.0046460022662111258 0.0026363710773032118 0.0015407239966460807 0.0059082074129101327 0.0057882144258768024 -0.0024696510132206301 0.00067987325019631863 -0.014735499310103603 0.0050515742214897671 0.0081952456362782318 0.0042953698220517889 -0.0010177407197866986 0.013394452574792586 0.00327133664032798 0.00029416614665635742 0.0062070100797620925 -0.0039215119403981907 -0.00027608414363493317 -0.00079802595761625707 0.0046432399506212384 0.0047957515430472851 -0.0016178770403230363 -0.00063186190311101658 0.0021269857751446469 -0.0048502607825949276 0.0068924053451349622 0.0028909689570283149 -0.0050222566064627829 0.011087098382999481 0.0028542648735015675 0.0085736049023664371 0.0070341950937014772 0.0032434134103499646 0.0014599424030419794 -0.0036953183383502857 -0.00092229004278871971 0.0017726068532756801 0.006647158632284063 0.010614104215408397 -0.0026819935430433157 0.0037438611287681101 0.0079387290599958679 -0.0046612083945141427 0.0075523619994337186 0.0046746875741908861 -0.0080274365130785716 -0.0012625686310312784 0.0047172011464558881 0.0017745592826637171 -0.0038275734551986556 -0.0061650143149014364 0.003313141629649732 0.0019362536988316861 0.00041240883275276427 0.010804302735037222 0.010838447935188815 -0.0088530986980565052 -0.0047224053267203711 0.0032679723993284697 -0.0092330761138030831 0.0073100696655086913 0.010375936769572885 -0.005781753005997604 -0.0029439673760908213 0.0046419529081659014 0.011019119795787163 0.0044358278464275546 -0.009341171658510887 -0.0086626366692226925 -0.006226998971127792 -0.0029396265269330752 0.012536676950879925 -0.0026435946856065541 0.015164876054969934 0.0045757447017251759 -0.0072464072922163326
leaf_weight=192.74979320168495 140.99984872341156 151.99983692169189 110.74988117814064 158.24983021616936 121.24986991286278 108.49988359212875 181.74980500340462 116.24987527728081 100.9998916387558 189.49979668855667 101.499891102314 119.49987179040909 140.74984899163246 112.49987930059433 183.24980339407921 100.7498919069767 112.24987956881523 126.24986454844475 102.24989029765129 144.24984523653984 101.99989056587219 170.49981707334518 110.49988144636154 102.74988976120949 175.49981170892715 126.49986428022385 101.499891102314 134.2498559653759 319.99965667724609 100.2498924434185 193.49979239702225 116.24987527728081 99.999892711639404 150.2498387992382 151.7498371899128 125.99986481666565 190.24979588389397 106.99988520145416 118.2498731315136 99.999892711639404 142.49984711408615 137.74985221028328 101.74989083409309 107.99988412857056 184.2498023211956 173.99981331825256 155.74983289837837 204.74978032708168 101.74989083409309 101.499891102314 109.74988225102425 125.49986535310745 159.74982860684395 104.74988761544228 102.99988949298859 139.24985060095787 109.49988251924515 175.24981197714806 184.4998020529747 143.24984630942345 106.49988573789597 100.4998921751976 99.999892711639404 112.49987930059433 163.99982404708862 152.49983638525009 151.4998374581337 186.24980017542839 100.2498924434185 104.49988788366318 108.99988305568695 103.74988868832588 182.49980419874191 147.49984174966812 167.7498200237751 114.74987688660622 101.74989083409309 105.49988681077957 102.24989029765129 112.24987956881523 159.49982887506485 132.49985784292221 128.74986186623573 169.49981814622879 143.24984630942345 144.24984523653984 186.49979990720749 116.24987527728081 112.74987903237343 314.99966204166412 147.99984121322632 142.49984711408615 105.99988627433777 169.99981760978699 124.99986588954926 105.99988627433777 166.24982163310051 130.74985972046852 103.49988895654678 218.4997655749321 184.2498023211956 99.999892711639404 173.74981358647346 183.74980285763741 113.24987849593163 140.49984925985336 165.49982243776321 154.49983423948288 179.74980714917183 120.49987071752548 115.49987608194351 128.74986186623573 102.24989029765129 105.74988654255867 144.74984470009804 106.49988573789597 158.99982941150665 174.24981305003166 181.74980500340462 151.2498377263546 157.74983075261116 131.99985837936401 111.24988064169884 141.24984845519066 100.2498924434185 109.99988198280334 109.49988251924515 108.24988386034966 186.74979963898659 100.2498924434185 100.9998916387558 176.49981063604355 143.99984550476074 138.74985113739967 101.2498913705349 128.24986240267754 197.24978837370872 107.49988466501236 122.74986830353737 143.74984577298164 153.24983558058739 116.24987527728081 186.74979963898659 121.24986991286278 178.49980849027634 152.74983611702919 102.49989002943039 116.9998744726181 109.49988251924515 105.49988681077957 116.24987527728081 168.2498194873333 135.99985408782959 144.49984496831894 206.24977871775627 121.74986937642097 140.24984952807426 102.99988949298859 194.24979159235954 116.24987527728081 139.49985033273697 101.74989083409309 127.99986267089844 158.49982994794846 101.99989056587219 104.24988815188408 143.74984577298164 123.99986696243286 111.99987983703613 134.7498554289341 161.49982672929764 145.99984335899353 139.99984979629517 117.4998739361763 158.99982941150665 211.49977308511734 170.99981653690338 146.24984309077263 131.49985891580582 118.74987259507179 105.24988707900047 102.49989002943039 126.24986454844475 101.74989083409309 100.9998916387558 100.9998916387558 101.2498913705349 101.74989083409309 131.99985837936401 104.24988815188408 106.49988573789597 100.4998921751976 148.24984094500542 107.99988412857056 105.99988627433777 102.74988976120949 109.99988198280334 110.74988117814064 118.99987232685089 100.7498919069767 129.49986106157303 177.99980902671814 179.49980741739273 123.49986749887466 163.99982404708862 123.99986696243286 155.99983263015747 163.24982485175133 103.24988922476768 100.4998921751976 112.99987876415253 101.99989056587219 99.999892711639404 108.24988386034966 104.99988734722137 123.24986776709557 143.74984577298164 100.9998916387558 100.7498919069767 102.24989029765129 122.99986803531647 101.2498913705349 115.99987554550171
leaf_count=771 564 608 443 633 485 434 727 465 404 758 406 478 563 450 733 403 449 505 409 577 408 682 442 411 702 506 406 537 1280 401 774 465 400 601 607 504 761 428 473 400 570 551 407 432 737 696 623 819 407 406 439 502 639 419 412 557 438 701 738 573 426 402 400 450 656 610 606 745 401 418 436 415 730 590 671 459 407 422 409 449 638 530 515 678 573 577 746 465 451 1260 592 570 424 680 500 424 665 523 414 874 737 400 695 735 453 562 662 618 719 482 462 515 409 423 579 426 636 697 727 605 631 528 445 565 401 440 438 433 747 401 404 706 576 555 405 513 789 430 491 575 613 465 747 485 714 611 410 468 438 422 465 673 544 578 825 487 561 412 777 465 558 407 512 634 408 417 575 496 448 539 646 584 560 470 636 846 684 585 526 475 421 410 505 407 404 404 405 407 528 417 426 402 593 432 424 411 440 443 476 403 518 712 718 494 656 496 624 653 413 402 452 408 400 433 420 493 575 404 403 409 492 405 464
internal_value=0.00204258 0.00442098 -0.000963465 0.00596625 0.00801704 -0.00215043 0.00718792 0.00229595 0.00122104 0.00821762 -0.00490051 -0.00730566 -0.00142362 -0.00209371 -0.00300052 -0.00542635 0.00473324 0.00979848 0.00308621 0.00539058 0.00221236 0.00063007 -0.00114061 0.00521316 0.00541128 0.00364481 0.00338797 0.0107807 -0.00860434 0.00112574 0.00513331 -0.0013255 0.00237387 0.00182191 -0.00272695 0.00252125 0.00349007 0.00584381 0.00894764 0.0131922 -0.00970628 0.000159492 0.000798401 0.00241531 0.00361774 -0.00209919 0.00271363 -0.0054694 -0.00818721 0.00535187 -0.00196882 0.00163925 0.000197017 0.0011174 -0.00336572 0.00131149 0.00191601 -0.000648165 0.00117225 -0.0092038 0.00138152 -0.000743595 0.00107523 -7.53084e-05 -0.00360395 -0.00102966 -0.000926402 0.00688076 0.00536705 0.00501562 0.00203578 0.00546253 0.00461883 -0.000754093 0.00262031 0.000167834 0.000626212 0.00524896 0.00275264 0.00107649 0.00581288 -0.00221092 -2.15452e-06 0.000950931 0.00231108 0.0058376 8.26977e-05 0.0024176 0.00810575 0.011485 0.0122367 0.0134956 0.00660736 6.92577e-05 0.000187449 0.00203774 0.0151154 -0.00262414 -0.00430521 0.0152738 -0.0037884 -0.000650925 -0.00326415 -0.000507957 -0.0020094 0.0048167 0.00364095 0.00610039 0.00436593 0.00707753 0.00785432 0.00938888 -0.00394151 -0.00260444 0.00375738 0.00258285 0.00396844 0.00546637 0.00532468 -0.000769946 0.00698722 0.00869773 -0.0077472 -0.00494707 0.00292302 -0.000976763 -0.00252774 -0.00554939 -4.04733e-05 0.00157766 -0.00336179 -0.00479045 -0.00138883 -0.00260121 -0.00232628 -0.000541043 -0.000751443 0.000301416 0.00164715 0.00513252 0.0029605 0.00512392 0.00669043 0.0093825 0.000331198 -0.00376384 0.00208938 0.00797195 0.00751701 0.00865533 0.0023974 0.00916154 0.000651297 0.00381676 -0.0103896 0.00701898 0.00551489 0.00894569 -0.00417435 0.00898095 0.00746478 -0.00061433 0.000810138 -0.00145869 0.00337555 0.00275549 0.00197766 0.00407499 0.00170298 -0.00467526 0.00487221 -0.00197933 0.00420749 0.00644159 -0.00135115 0.00907345 0.00420347 0.00572116 0.00421145 5.24348e-05 -0.00236323 -0.0006034 -0.00486205 -0.00207762 0.00834022 0.00734892 0.000343662 0.00809339 0.00536778 -0.00141747 0.00443512 0.00160829 -0.00541872 -0.00275988 0.00179681 0.0050928 -0.00118764 -0.00348958 0.00655001 0.00563466 -0.00284731 0.00850022 0.00883195 -0.00517767 -0.00391975 -0.00142663 -0.00669121 0.0109057 0.0169143 -0.012197 -0.000685178 0.0110065 0.00832228 0.00762611 -0.00685328 -0.00655293 -0.00449806 -0.00712784 0.0102685 -0.00642156 0.0127698 0.0072596 -0.0127406
internal_weight=30025.7 16765.2 13260.5 9696.99 3612.25 8579.99 3272.5 7068.24 4680.49 2565 1757.75 941.499 6822.24 5228.24 3728.25 1591.75 6084.74 1660 5167.24 1202.75 3382.5 1607.25 2136.5 904.999 4649.25 1775.25 707.499 1402.25 821.999 892.749 1114.5 1298 3964.5 500.999 1243.75 1435.5 1164.75 4148.25 516.499 258.25 711.249 1901 1594 974.499 715.499 1157 565.749 467.749 777.999 510.249 816.249 299.5 1500 660.749 857.499 2247.75 1945.25 325.5 1633.75 676.249 1088.5 1151.75 747.499 621.499 570.999 1278.25 775.999 914.749 3631.75 3356.5 440.25 2916.25 410 453.25 622.749 814.499 1494.5 514.749 764.499 502.749 261.75 746.999 1310 1034.5 718.999 273 446 302.75 539.749 1268 1086.25 829.999 413.25 406.75 335.75 404.75 584.499 508.249 741.249 339.75 400.5 216.25 275.5 650.249 449.75 2376.5 1263.75 1112.75 1123.25 911.999 791.499 530.499 203.25 813.749 1716.75 1033 736.999 683.749 577.999 296 396.25 289.75 316 461.25 200.5 829.499 506.249 210 296.25 323.25 712.999 488.499 508.999 409 302.5 234.25 699.749 593.249 224.25 957.749 413.25 269.5 544.499 436 877.749 336.5 250 728.499 548.749 439.25 267.75 275.25 288 285.25 567.749 475.499 245.75 245.5 377.5 584.249 467.999 699.249 486.749 270.75 230 236.75 245.25 455.5 236 340.25 274 315.5 258.25 219.5 396 328.5 455 317.25 257.75 224.5 217.5 205.25 265 226.75 307.25 227.5 201.25 286 242.5 256.75 261 200.75 290.75 411.5 208.25 207.5 211 212.5 227 311.5 288.5 357.75 301.25 637.749 514.249 288 320 401.75 418.25 420.5 213.25 314.75 202 256.25 205.5 226.25 251.75 277.5 201.75 245.5 238.5 210.75 322.25
internal_count=120103 67061 53042 38788 14449 34320 13090 28273 18722 10260 7031 3766 27289 20913 14913 6367 24339 6640 20669 4811 13530 6429 8546 3620 18597 7101 2830 5609 3288 3571 4458 5192 15858 2004 4975 5742 4659 16593 2066 1033 2845 7604 6376 3898 2862 4628 2263 1871 3112 2041 3265 1198 6000 2643 3430 8991 7781 1302 6535 2705 4354 4607 2990 2486 2284 5113 3104 3659 14527 13426 1761 11665 1640 1813 2491 3258 5978 2059 3058 2011 1047 2988 5240 4138 2876 1092 1784 1211 2159 5072 4345 3320 1653 1627 1343 1619 2338 2033 2965 1359 1602 865 1102 2601 1799 9506 5055 4451 4493 3648 3166 2122 813 3255 6867 4132 2948 2735 2312 1184 1585 1159 1264 1845 802 3318 2025 840 1185 1293 2852 1954 2036 1636 1210 937 2799 2373 897 3831 1653 1078 2178 1744 3511 1346 1000 2914 2195 1757 1071 1101 1152 1141 2271 1902 983 982 1510 2337 1872 2797 1947 1083 920 947 981 1822 944 1361 1096 1262 1033 878 1584 1314 1820 1269 1031 898 870 821 1060 907 1229 910 805 1144 970 1027 1044 803 1163 1646 833 830 844 850 908 1246 1154 1431 1205 2551 2057 1152 1280 1607 1673 1682 853 1259 808 1025 822 905 1007 1110 807 982 954 843 1289
is_linear=0
shrinkage=1


Tree=1
num_leaves=221
num_cat=0
split_feature=108 51 51 42 86 329 22 330 329 106 86 151 31 110 330 203 34 319 252 222 161 16 93 110 198 251 132 199 77 94 86 318 31 329 110 86 70 60 64 252 16 186 167 329 102 138 42 287 43 34 329 160 241 29 77 249 288 288 1 205 123 167 289 77 205 292 330 311 167 76 211 73 49 7 208 293 49 0 76 179 329 54 17 102 203 2 17 84 75 329 172 70 311 108 292 334 122 41 300 81 329 206 28 88 327 296 110 42 46 41 139 173 8 123 322 314 179 34 94 72 329 334 59 84 75 122 77 208 93 334 14 330 89 312 234 224 203 18 34 10 329 1 199 256 56 91 334 289 29 328 171 206 312 86 141 329 312 313 94 287 177 56 330 202 42 140 303 174 303 122 123 17 312 199 41 274 274 2 274 167 46 130 144 252 65 59 103 103 279 93 18 8 69 172 311 81 202 89 132 106 199 252 51 139 317 91 190 313 87 46 46 88 8 140 122 108 84 161 0 161
split_gain=552.483 107.801 104.783 60.1181 44.2944 39.8165 53.3667 38.2199 70.6329 37.8696 34.4259 27.5476 26.4477 26.0491 25.7988 25.3822 19.6863 19.2036 19.0163 18.77 26.9891 17.4729 17.1512 16.9645 16.7408 16.6659 16.4582 15.8467 15.6239 15.6598 15.3144 18.7984 17.2297 14.265 14.2316 13.946 13.6838 15.6678 18.6079 13.2728 13.1078 12.9261 12.6786 12.3919 12.3492 17.3787 12.2431 13.6896 13.8421 12.2251 12.2146 13.3255 12.1103 12.086 11.8498 11.7891 11.5918 11.4963 11.3532 11.1972 11.1029 11.0615 11.0515 11.1208 11.4879 11.0092 10.9126 10.8982 10.7445 10.4456 10.0589 10.0106 9.9809 9.84667 13.3005 9.66739 9.66545 9.65644 9.63975 10.1899 14.5249 9.58185 9.57591 9.53336 13.042 11.6663 11.7581 10.7635 9.52201 10.9541 9.50266 13.2706 9.48398 9.44164 9.42012 9.39551 12.2056 11.1265 9.36723 9.33371 9.25355 9.24519 9.22705 9.13642 9.11253 9.08708 9.02198 8.97547 11.7105 8.90414 8.72528 8.712 11.6578 8.66319 8.64035 8.50222 10.6378 9.35176 8.36732 8.35929 8.34395 8.34014 10.1976 10.1529 8.31409 8.55607 8.24879 8.3715 8.1339 8.0547 8.01577 7.97821 7.80824 9.61705 7.7487 8.77456 7.60059 8.97141 9.54052 7.58714 7.57541 10.855 7.5672 7.54574 7.5379 8.34173 7.41493 7.411 7.30435 8.22552 7.29688 7.23461 7.22633 7.14886 6.97248 6.96135 6.93896 7.70961 7.00844 6.92382 8.693 6.86735 6.85909 7.58763 6.83896 6.79691 6.77929 6.77345 6.75544 9.04847 6.59809 6.54766 6.39462 6.3332 6.65629 6.24836 6.92899 6.23349 6.17673 6.0478 6.01757 5.91431 5.74725 5.69575 5.68387 5.66306 5.60518 5.60203 9.15275 5.52249 5.47331 5.2835 5.25937 5.23932 5.16465 5.15656 5.1351 5.11554 5.06502 4.86328 4.78878 4.75876 4.74586 4.7482 4.64735 4.39762 4.09955 3.92493 3.64949 3.64869 3.47577 3.30449 3.08621 2.80582 1.88311 1.62099 1.2125 2.66434 0.94379 0.638744
threshold=-7.5913806085736715e-06 -3.54426447302103e-06 6.9858506321907052e-06 2.3949425667524341e-05 -2.15526670217514e-05 -0.86493045091629017 0.00020006485283374789 0.15858851373195651 -0.68359068036079396 9.6319090516772135e-05 2.1452084183692936e-05 -8.6538730101892711e-05 8.6249783635139479e-05 5.0276803449378356e-05 0.37662759423255926 0.00033427402377128606 3.3977596103795811e-05 -0.01716741360723972 0.00067534190020523976 -0.0015929556102491913 0.00010005136573454366 0.00020686164498329165 -6.238557398319243e-05 5.4542597354156905e-06 0.00032251625088974839 0.00022913984139449897 -0.00027495186077430839 0.0011157016851939263 4.6046450734138496e-05 9.1657042503356947e-05 -4.2680650949478143e-05 0.10961493477225305 -3.0565774068236344e-05 -0.86711210012435902 -0.00015871220239205283 -2.5680288672447201e-05 3.1577772460877902e-05 7.8616663813591017e-05 0.00013020366895943883 0.00019849494128720838 -7.094815373420714e-05 0.00025924775400199001 -0.00088180744205601503 -0.70246198773384083 -0.00021436828683363271 -1.9819051885860969e-05 7.2990776970982565e-05 -0.18168573826551435 4.3716281652450568e-05 2.369005233049393e-05 -0.74460110068321217 0.00022406275093089792 0.00062415262800641369 -7.691932842135428e-05 8.4063038229942335e-05 -0.27355588972568506 0.55000001192092907 0.45000000298023229 2.888799645006657e-05 -0.00091073199291713525 9.9886907264590277e-05 -0.00094344359240494658 0.00086955522419884812 6.3443556427955641e-05 -0.0012707389541901646 -0.0052970945835113517 -0.51690566539764393 0.01125600002706051 -0.00053965626284480084 3.9819628000259406e-05 -0.08152314648032187 0.00039086909964680677 -6.9228312895575064e-06 -4.8427842557430261e-05 -0.0011640922166407106 -0.0061132498085498801 -4.1635707020759576e-05 -3.593135625123977e-05 0.00030033569782972341 0.0024760151281952862 -0.24826665222644803 -6.6748587414622293e-05 -2.0526970729406454e-05 -0.00054289246327243734 0.00062579021323472272 -5.5792936109355644e-05 -1.5033408999443053e-05 0.00055148830870166432 0.00031928904354572302 -0.52435624599456776 -3.7300758776837022e-05 -3.8879923522472375e-05 0.021749736741185192 -4.8261528718285256e-05 0.00065313957748003315 -0.59040704369544972 6.909461444593036e-05 -6.382539868354796e-05 0.0002796267945086584 0.00012084476838936099 -0.54280677437782276 0.0030608098022639756 5.6595541536808021e-05 -4.3801963329315179e-05 0.91666665673255932 -0.0047579109668731681 -6.3616327679483206e-05 -0.00016541965305805204 8.5070729255676283e-05 0.00014439411461353305 5.7913786804419949e-05 -0.090492531657218919 -1.6554258763790127e-05 5.5976091971388093e-05 -0.0064659493509680024 0.0023886261042207484 -0.00073843958671204735 -4.2439593016752035e-05 0.00043010490480810409 0.00013905530795454982 -0.40872775018215174 1.276059687137604 1.8246471881866458e-05 0.00031826052872929727 -0.00025506201200187201 6.4273233874700977e-05 0.00014706514775753024 -0.0022458139574155207 0.00010057259351015092 0.22655127197504046 -0.00010551186278462409 -0.83747833967208851 -0.00043945387005805964 0.0015308095025829973 -0.76720958948135365 0.0018722894019447269 0.00080390155198983859 -2.910802140831947e-05 -0.00019031080591958013 -4.549045115709304e-06 -0.99280729889869679 -3.3686868846416467e-05 0.00039964076131582266 0.0003718049119925127 -0.00052202161168679584 -0.00020551215857267377 0.1870272904634476 0.0003099629248026759 4.1396822780370719e-05 -0.13723925501108167 0.00039807157008908694 0.0016678802785463633 0.0017717729788273575 -0.00019091274589300153 -8.5841271356912316e-05 -0.79467767477035511 0.0017286082147620621 0.0022085168166086082 -0.00013483874499797818 0.029248965904116634 -0.00014604941679863256 0.00012944079935550692 -0.14996640384197232 -0.00091925746528431762 0.00014220317825675013 1.5744065422040879e-05 0.0035027357516810302 0.55000001192092907 0.001596624846570194 9.5778188551776125e-05 6.4862382714636637e-05 -1.5033408999443053e-05 0.0013603388215415182 0.00025281275156885391 -2.4350592866539952e-05 0.00096230642520822595 0.00063783401856198918 7.6408809945860429e-06 0.00077050013351254176 -0.0021142464829608794 -3.6098994314670556e-05 8.772009095991963e-05 0.00032162806019186979 0.00013683559518540281 9.1363326646387591e-05 0.00011369911953806878 -0.0001876328242360614 -1.5860764506214761e-05 0.0051975073292851457 -0.00028121657669544215 -1.8034284948953424e-05 -1.0109972208738325e-05 0.75000000000000011 1.3569979728345062e-05 0.0077543554361909637 8.6323980212910114e-05 -0.00044562699622474605 -9.8123680800199495e-05 -0.00081268660142086435 3.7804969906574122e-05 0.00040411118243355309 0.00030565935594495391 -3.0105622499831949e-05 7.5061710958834751e-05 0.0025912264827638869 -4.9950322136282914e-05 0.14586581289768222 0.0021259631030261521 0.00023747421801090243 -0.00011578015983104704 -6.4831227064132677e-05 -0.00023482739925384519 3.8724392652511605e-06 0.00025909676332958048 7.4613562901504351e-05 -0.00023220095317810771 0.0002076276141451672 0.00022124625684227797 -5.5246055126190177e-06 0.000218884670175612
decision_type=10 10 8 10 10 8 10 10 10 10 8 10 8 10 10 8 10 10 8 10 8 10 10 10 8 10 8 10 10 10 8 10 10 10 10 10 10 10 10 8 10 10 10 10 10 10 10 10 10 10 10 10 10 10 10 8 8 10 10 10 10 8 10 10 10 8 10 8 10 10 10 10 8 10 8 8 10 10 10 10 10 10 10 8 10 10 10 8 10 8 10 10 10 10 10 10 10 10 10 10 10 8 10 10 10 10 10 10 10 10 10 10 10 10 10 10 10 10 10 10 10 10 10 10 10 10 8 10 10 10 10 10 10 8 10 10 10 10 10 10 10 8 10 10 10 8 10 10 10 10 10 10 8 10 10 10 8 10 10 10 10 10 10 10 10 10 10 10 10 10 10 10 10 10 10 10 10 10 10 10 10 10 10 10 10 10 10 10 10 10 10 10 2 10 10 10 10 10 10 10 8 10 10 10 10 10 10 10 10 10 10 10 10 10 10 10 10 10 10 8
left_child=1 3 4 23 15 6 14 8 9 11 39 35 90 62 22 165 77 204 110 144 180 36 72 30 214 49 81 83 29 50 42 105 33 71 118 68 37 67 -39 73 59 -23 168 152 -44 -46 47 170 54 61 106 131 57 151 -49 -55 143 -10 65 198 159 -22 63 202 -65 -28 -26 172 -4 70 -35 -33 -5 136 95 -48 -37 153 79 92 197 200 107 179 87 -86 100 134 89 101 -11 102 121 -25 119 96 97 -75 -40 -68 164 132 207 -84 209 -32 162 -34 161 -71 -18 114 -113 211 155 -80 -117 -118 128 -36 173 122 123 124 125 -54 150 -128 -24 -16 -112 -52 133 -41 -85 148 137 138 -3 -130 190 -142 -93 -57 -9 -146 166 189 149 -136 -42 -27 -20 -17 -132 -97 158 -158 -88 160 -31 -109 -19 -164 -87 -2 183 -156 169 -1 -38 -152 -15 174 -79 176 -134 -96 -50 -7 -21 -102 -106 -105 -104 -169 -91 -175 199 -125 -67 -76 -126 -194 -182 -143 213 -81 -30 -189 -13 -180 203 -6 -12 -114 -198 -92 -181 -77 -150 -63 -56 -115 -14 -8 -201 -218 -151 -141
right_child=2 10 7 5 13 27 215 19 52 12 17 26 24 21 129 16 18 28 43 20 25 41 34 93 66 53 58 -29 40 60 31 32 82 69 94 76 46 38 98 88 126 -43 44 -45 45 -47 75 48 178 -51 51 -53 78 55 212 56 -58 -59 -60 -61 -62 113 -64 64 -66 140 99 -69 -70 109 -72 -73 -74 74 191 104 -78 120 115 80 -82 -83 103 84 85 86 156 -89 -90 186 91 142 -94 -95 177 111 -98 -99 -100 -101 181 -103 184 146 182 -107 -108 108 -110 -111 130 112 205 196 -116 116 117 -119 -120 -121 -122 -123 -124 147 192 -127 127 -129 139 -131 154 -133 175 -135 135 -137 -138 -139 -140 219 141 195 -144 -145 145 -147 -148 -149 210 218 171 -153 -154 -155 167 -157 157 -159 -160 -161 -162 -163 163 -165 -166 -167 -168 185 -170 -171 -172 -173 -174 187 -176 -177 -178 -179 201 208 194 -183 -184 -185 -186 -187 -188 188 -190 -191 -192 -193 193 -195 -196 -197 206 -199 -200 216 -202 -203 -204 -205 -206 -207 -208 -209 -210 -211 -212 -213 -214 -215 -216 -217 217 -219 -220 -221
leaf_value=-0.003022639831863609 0.0056836222938664895 -0.0053415571004278841 0.00045216144482843594 -0.00054528119059342451 0.011242991883976084 0.0026466121659377692 0.017688301076263815 -0.0026219617447912074 -0.0015681747415710562 -0.00094031008039579828 0.0037828908759427013 -0.0016367212619659869 -0.010225439411681582 -0.010151298839244141 0.0032035673898435312 0.0027310075601167712 -0.0035004800850611389 0.00848485043919848 -0.01105048055444669 0.0047630016168791174 -9.3916427113610173e-05 0.00039113727135521679 0.0063209482298422657 0.0015710580318564144 -0.0029317249546521439 -0.00088886954285766987 -0.0017596328130004258 -0.0024394734554182896 0.0047323995043278364 -0.0018759930645748401 0.0017755062151652273 0.011189842450034482 -0.0035736347551148205 0.0020931269957395002 -0.00026911703659294014 0.0067180907857663265 0.00042662336104087878 0.0068907389403381038 0.0019513736913328271 -0.0034198217512220663 0.00067474724505691124 -0.0086323358063400153 0.0032948585218229237 -0.0008009273921369697 -0.0079181151594531259 0.0017780573221552304 -0.00069930719677444996 0.003712035408575517 0.00066900143589662653 -0.00053685813037203031 0.00037731700404378739 0.0043630277190393257 0.0019866742324415104 -0.0048823447859848452 -0.0010156782491919938 0.0022826836406511187 0.0052481824026997482 0.0062599632231962578 -0.0019942418138066565 0.0010845991221016312 0.0022995263084089335 -0.00053550962074720276 -0.00082534140372001602 -0.00091426912487927229 0.0066241862455989299 -0.0078008508771415346 -0.01369129191290778 -0.00048638357081718693 -0.0063952677599382821 -0.0032965392982687355 0.00919397702057821 0.0039932896935023221 0.0062101902910937793 -0.001614284541518834 -0.00615210894040544 0.01037990132414995 -0.00093399849485196389 -0.0059342183283437799 9.9973129018364744e-05 -0.0032799870853105523 0.0066794768334491588 0.00090682926856799743 -0.00077597076024354299 0.0017058762459519409 0.0079005034186045917 0.0018896950512331254 0.004646728143858702 -0.00037750666117950085 -0.0076761091888643143 -0.00081019065194616461 -0.012567868768688302 0.00025159192681813587 0.0019056170181327573 -0.0048021771273294199 0.0038142295333334283 0.0091973239724800742 -0.0040837470189637312 0.0064792252199939891 -0.0051690787121338603 -0.0052814562158899937 -0.0017989716635358961 -0.0071576933942342717 -0.0012646653511640938 0.010204065460346882 -0.0013528878321649354 -0.0047067576666668864 -0.00090092675929704313 0.0027984901172452602 0.0070511179426762886 0.0041029645451446739 0.0052915421866396133 -0.0029910631771924868 0.00050966213748656459 -0.012052249426892514 0.0011643526937001618 -0.0016149589825415695 -0.011036080705868532 -0.0028064064523739764 0.003714515741016733 0.00588174717785943 -0.00081051095261346876 -0.0083206332460520217 0.0012790101887722569 -0.0017771803893668313 -0.0093311174392432233 -0.0047138533140907504 -0.0029542402960008934 0.003182501678717759 0.0069238117453556906 -0.0034559437355884915 0.0033848097192957518 -0.0071531767603808458 -0.00083889299326040409 0.0039148090560606388 0.0014655673801588494 0.0024757891924083782 0.0025464597435299751 -0.0072359457962691762 0.0015314830203581431 0.015899698429943331 -0.0038778181662817279 -0.013585496951010722 -0.0058883264165327277 -0.0047044166425951736 0.0057654159588547476 -0.00013171220319243337 0.00084696941595844915 -0.004501674986897952 0.0058062094420362181 0.0095494952226318659 0.0020920212760592123 -0.0078065372055927673 -0.0035345998523672061 -0.004028317931048641 -0.0037275283813212831 0.0026127933018343379 -0.0055940554081606022 0.0010688929901086551 -0.001237682737384948 2.4613744191938254e-05 -0.0089039579097662993 -0.0037187777888686149 -0.00090748990468175977 0.0060933814842707955 0.0086258611060071131 -0.00058507929759658492 0.0016551049085070672 0.0030031663420928153 0.0056628838439131872 0.0040667152127289701 -0.0051642442330024751 0.0093253550958331665 -0.0031340103419756848 -0.0022728125687769122 0.00035392188852089389 -0.00024883814181757285 -0.0076082893209396228 0.010497760349066625 0.0094748526280475399 0.0045545530412434742 -0.0030911605409753755 0.0039771283317452102 0.0048656763601389224 0.0033258766938858752 -0.0077011889400800731 -0.0019463715435586865 0.0051462230625494536 -0.0047877129883510498 -0.0020074542094762329 0.0039675769153321343 -0.0014034604157141506 -0.00022455413192825182 -0.0068396606914283824 -0.00056529902589972638 0.0027506178168383005 -0.0064905448962918081 -0.0025716810711295672 0.0018727209834026827 0.012012713075407584 -0.0060445735643084569 -0.0078199723590257134 0.0028959348048819521 0.0029948210568649779 0.0043328733787360045 0.010260906934257481 0.0060434160969454059 -0.0080496231033294549 -0.0057810821201571905 0.010999152332804131 0.0040801160578649975 0.011916294242843723 -0.0053931482843089474 -0.0060236300857832584 -0.0056570930608048006 -0.017481454563399012 0.0095428306446625061 -0.013852568603279325 -0.0067179171552222477 0.0048870776727944635 0.0088248145622026059
leaf_weight=126.24834243953228 161.49841867387295 109.7493123114109 160.99871064722538 169.99623428285122 147.24859626591206 103.99886576831341 183.23864234983921 109.99940849840641 174.99873691797256 122.49870377779007 117.74878633022308 105.24875582754612 153.2467926889658 105.24928432703018 151.49896077811718 104.49929516017437 188.49837663769722 163.74853777885437 111.24920092523098 164.99884478747845 103.24940682947636 104.74947391450405 191.99269461631775 158.24847993254662 136.24824798107147 111.99925273656845 102.4989657253027 131.99892103672028 111.24916268885136 164.99882858991623 188.24736943840981 265.24437582492828 148.24858647584915 167.74784436821938 161.74764607846737 104.9991393238306 134.74897518754005 132.99883124232292 127.249013453722 100.74938352406025 166.99840627610683 134.99928671121597 101.24851344525814 192.74855828285217 175.24792471528053 108.99861162900925 134.99865134060383 114.4992096722126 108.24910286068916 183.49879984557629 100.74925723671913 109.2491832524538 110.49924349784851 110.99944829940796 99.999345973134041 106.74927967786789 195.74875366687775 103.99921372532845 147.99877302348614 102.9992064088583 163.24865798652172 106.24928176403046 147.24876937270164 192.49803307652473 114.49877639114857 126.74905061721802 150.24695672094822 198.9984415024519 185.49819241464138 113.24886514246464 164.24793739616871 149.99673600494862 153.99714577198029 125.74911074340343 100.49957655370235 117.24897590279579 130.99905945360661 124.99903766810894 101.74951860308647 195.74898785352707 99.999415844678879 180.99858333170414 124.49835479259491 164.74822877347469 112.99878524243832 113.49900411069393 132.49860890209675 116.9984812438488 101.74925956130028 121.74926719069481 240.49563416838646 132.74851261079311 142.24915216863155 181.99831999838352 125.24794994294643 177.74836760759354 187.99855953454971 113.24896188080311 133.24915167689323 134.74784415960312 143.49831868708134 136.99913056194782 106.74839109182358 171.9971729516983 100.49936769902706 129.24820926785469 104.24935474991798 104.99874706566334 101.74856348335743 107.24892662465572 128.24901945888996 167.24864117801189 106.2491415143013 194.74877937138081 179.4986162930727 146.24923335015774 178.99921347200871 100.49946177005768 100.99821189045906 170.49758759140968 140.74926978349686 106.24953344464302 199.49896964430809 109.24942481517792 179.49895571172237 174.99914228916168 185.74778254330158 136.74875771999359 141.7450916916132 106.24937565624714 178.49844138324261 102.24928420782089 101.49942609667778 157.49907153844833 153.74821166694164 187.24796751141548 103.99937997758389 124.49922843277454 197.49873621761799 225.48911592364311 106.99865846335888 300.99643531441689 177.24854223430157 102.99943260848522 183.99869127571583 179.49886208772659 129.49831587076187 112.99937516450882 127.24801944196224 102.49869877099991 106.24930682778358 127.99917329847813 130.24914932250977 106.7492510676384 198.748395845294 126.74900728464127 142.49882823228836 111.74872526526451 158.74855168163776 144.74898426234722 123.99927538633347 114.74852550029755 109.24905526638031 110.49920256435871 154.49817672371864 106.24912476539612 100.74873214960098 181.74854104220867 157.49799716472626 122.24861986935139 193.99871091544628 108.74893142282963 134.49876081943512 102.9992741048336 121.74911788105965 169.49875618517399 152.74903579056263 177.99726468324661 100.74898472428322 99.998484954237938 101.99921894073486 106.24900065362453 104.74919536709785 100.24861986935139 117.74857625365257 152.24862402677536 101.74926213920116 141.24884031713009 103.24920225143433 123.24929805099964 100.74944135546684 123.24933844804764 99.999417915940285 102.7494381070137 100.2492320984602 116.2488197684288 134.99910312891006 103.74943791329861 118.99871683120728 100.24913276731968 106.24914228916168 109.49906855821609 101.74912647902966 102.99898207187653 122.24870905280113 116.2489827722311 120.99911263585091 102.99842248857021 157.24768994748592 107.74864141643047 197.99721516668797 111.24919855594635 99.999223366379738 99.999368607997894 191.74524015188217 106.24532607197762 141.49880102276802 103.24918550252914 124.9986158311367 103.99510259926319
leaf_count=505 646 439 644 680 589 416 733 440 700 490 471 421 613 421 606 418 754 655 445 660 413 419 768 633 545 448 410 528 445 660 753 1061 593 671 647 420 539 532 509 403 668 540 405 771 701 436 540 458 433 734 403 437 442 444 400 427 783 416 592 412 653 425 589 770 458 507 601 796 742 453 657 600 616 503 402 469 524 500 407 783 400 724 498 659 452 454 530 468 407 487 962 531 569 728 501 711 752 453 533 539 574 548 427 688 402 517 417 420 407 429 513 669 425 779 718 585 716 402 404 682 563 425 798 437 718 700 743 547 567 425 714 409 406 630 615 749 416 498 790 902 428 1204 709 412 736 718 518 452 509 410 425 512 521 427 795 507 570 447 635 579 496 459 437 442 618 425 403 727 630 489 776 435 538 412 487 678 611 712 403 400 408 425 419 401 471 609 407 565 413 493 403 493 400 411 401 465 540 415 476 401 425 438 407 412 489 465 484 412 629 431 792 445 400 400 767 425 566 413 500 416
internal_value=5.1629e-05 0.00285405 -0.00257359 0.00427456 -0.000617105 0.0056566 0.00763906 -0.00395643 -0.00479157 -0.00655924 0.000761562 -0.00457942 -0.00869889 0.000944875 0.00634585 -0.00237225 -0.00294657 0.00242814 -0.00132914 -0.00191691 -0.00269766 -3.82403e-05 0.00721901 0.00224171 -0.011548 -0.00369439 -0.00608771 0.00403186 0.00185865 0.000463134 0.00269662 0.00349176 0.00418323 0.00611548 0.00817833 -0.000885738 0.000499767 -0.00154029 0.0013288 -0.000635937 0.00369299 -0.0049633 0.000276586 -0.00473715 -0.00226176 -0.00432751 0.00161719 0.000224428 0.00192873 -0.0052995 0.00226835 -0.000797574 -0.00227998 -0.00137708 -0.00103273 0.000379112 0.00198116 0.00157338 -0.00743712 0.00686285 -0.00195103 -0.00626777 0.00403823 0.00511727 0.00213049 -0.00831291 -0.00817298 -0.00405924 -0.00336258 0.00379007 0.00592891 0.0088932 0.00284004 0.000325691 0.00114427 0.00389826 0.0027294 -0.00472998 -0.00273946 -0.002024 0.000776232 -0.00244848 0.00239926 0.00436227 0.00383589 0.00228666 0.00155518 0.00532192 -0.00234322 -0.00168803 -0.00633334 -0.00704808 -0.00278972 -0.00191533 0.00565086 0.00192377 -0.00049518 0.002425 -0.00179972 -0.0103221 0.00365499 -0.0027476 -0.00885398 0.00397753 0.00530782 -0.000985882 0.00418522 0.000216261 0.00207081 0.000344443 0.000173412 0.00309054 0.000799716 -0.00707408 0.00483033 -0.00509711 -0.00628792 -0.00846195 0.0100823 0.00304205 -0.00548328 -0.003317 -0.00275074 -0.00355356 -0.0049606 -0.0021602 0.0020455 -0.000318179 0.0109149 0.000407195 0.0010606 -0.00371711 -0.00168302 0.00101324 0.00594721 0.00667459 -0.00196096 -0.00311138 -0.00109998 0.0124531 -0.00913768 -0.0105425 -0.00340316 -0.00125925 0.00163934 0.00299835 0.00513989 -0.000711541 0.00768865 0.0053161 0.00395755 -0.004895 -0.00757725 -0.000737638 0.000173831 0.00678644 -0.000496586 -0.00280113 0.00156591 -0.00358165 -0.00527259 -0.000631048 0.00554395 0.0028275 0.00610238 0.00332827 0.00651138 -0.000985564 0.00267979 0.00050812 -0.00297958 0.00623301 -0.00675903 -0.00615202 -0.00303765 -0.00329783 -0.00516411 0.00814409 0.00474125 0.00740807 0.0021557 0.000771017 0.00197101 0.00807226 -0.00499443 0.000764482 0.00210147 -0.00714531 -0.00789413 0.00134121 -0.00531007 -0.00317332 -0.00684079 -0.00399618 -0.000208593 -0.0119961 -0.00841118 -0.00148954 0.00915442 -0.00901542 -0.00515021 0.00659767 0.00746762 0.00893001 0.00761811 0.00366087 -0.00555655 -0.0109629 0.00900324 0.00794236 0.0100006 -0.00326509 -0.00383962 -0.0103799 -0.0149952 0.0155087 -0.0103891 -0.0115776 0.00758966 0.0142995
internal_weight=29998.7 14508.8 15489.9 8629.61 6426.45 5115.9 2270.94 9063.42 6411.19 3743.95 5879.2 1977.23 1766.72 3405.22 1981.45 3021.23 2753.48 2674.73 1462.24 2652.23 2178.74 2598.98 1723.7 3513.7 766.235 1811.49 1394.74 2844.97 2434.73 1396.99 3173.46 2381.97 2064.47 967.735 1399.71 582.495 2359.23 832.243 393.497 3204.48 1037.74 239.749 791.49 434.247 385.495 284.247 1526.99 961.743 632.995 1054.99 799.994 312.248 2667.24 756.495 314.498 516.497 405.497 278.998 1002.24 333.247 596.996 871.494 806.242 658.994 306.997 854.241 421.243 438.746 346.497 552.494 331.996 415.241 323.993 2060.23 1524.49 565.245 235.998 1291.24 2388.24 1860.74 399.498 392.496 1096.74 2712.97 2351.72 1176.24 1063.24 1175.49 1144.24 1042.49 1000.49 877.988 1461.24 340.247 635.49 1300.74 426.997 238.998 260.498 284.995 517.745 818.995 567.991 626.991 430.246 317.496 487.746 469.744 321.496 220.498 1027.99 873.743 389.747 768.245 483.996 527.497 425.748 279.499 764.22 332.245 1079.99 1318.99 1212.74 1013.24 667.746 285.498 704.493 322.497 663.222 257.748 839.493 202.999 681.996 258.248 1058.49 893.739 535.747 431.747 307.248 471.229 751.742 524.244 309.997 209.749 473.497 363.498 502.493 345.498 706.491 381.246 381.997 239.998 241.498 211.249 711.244 304.497 545.495 254.248 291.247 433.747 288.998 219.747 383.497 219.748 267.997 267.748 372.995 532.746 405.995 248.497 328.748 214.998 239.748 939.243 246.748 423.747 254.248 303.245 318.497 361.245 367.247 249.747 205.249 272.246 224.497 333.997 223.499 692.494 589.495 232.499 227.498 223.749 382.248 202.749 202.248 417.245 550.746 299.498 230.248 486.246 211.498 210.248 351.997 250.248 239.997 222.498 255.998 343.494 257.246 224.998 325.245 217.498 199.999 294.748 344.992 289.484 344.997 244.748 227.497 329.484
internal_count=119996 58036 61960 34519 25706 20464 9084 36254 25645 14976 23517 7909 7067 13621 7926 12085 11014 10699 5849 10609 8715 10396 6895 14055 3065 7246 5579 11380 9739 5588 12694 9528 8258 3871 5599 2330 9437 3329 1574 12818 4151 959 3166 1737 1542 1137 6108 3847 2532 4220 3200 1249 10669 3026 1258 2066 1622 1116 4009 1333 2388 3486 3225 2636 1228 3417 1685 1755 1386 2210 1328 1661 1296 8241 6098 2261 944 5165 9553 7443 1598 1570 4387 10852 9407 4705 4253 4702 4577 4170 4002 3512 5845 1361 2542 5203 1708 956 1042 1140 2071 3276 2272 2508 1721 1270 1951 1879 1286 882 4112 3495 1559 3073 1936 2110 1703 1118 3057 1329 4320 5276 4851 4053 2671 1142 2818 1290 2653 1031 3358 812 2728 1033 4234 3575 2143 1727 1229 1885 3007 2097 1240 839 1894 1454 2010 1382 2826 1525 1528 960 966 845 2845 1218 2182 1017 1165 1735 1156 879 1534 879 1072 1071 1492 2131 1624 994 1315 860 959 3757 987 1695 1017 1213 1274 1445 1469 999 821 1089 898 1336 894 2770 2358 930 910 895 1529 811 809 1669 2203 1198 921 1945 846 841 1408 1001 960 890 1024 1374 1029 900 1301 870 800 1179 1380 1158 1380 979 910 1318
is_linear=0
shrinkage=0.02


Tree=2
num_leaves=224
num_cat=0
split_feature=108 50 50 329 22 100 329 58 22 93 93 58 140 162 79 78 171 244 194 214 101 166 22 274 99 33 52 27 56 173 58 103 243 56 289 88 1 17 82 165 121 19 27 282 140 28 36 110 95 156 1 329 101 289 68 89 1 110 323 164 255 74 158 173 278 93 8 79 50 45 178 50 19 38 317 200 123 251 262 17 282 173 110 298 34 329 99 27 234 74 106 160 251 20 57 278 13 63 123 244 182 285 22 245 302 9 171 279 58 173 48 71 205 204 114 80 247 173 99 270 101 262 100 55 20 48 38 241 262 298 8 140 243 87 79 34 293 274 278 22 134 36 99 44 247 71 165 74 318 110 298 1 318 276 276 93 34 200 165 178 158 329 56 165 44 67 92 1 92 322 255 20 125 103 4 245 54 110 110 66 58 56 18 67 101 158 7 160 108 78 205 7 38 18 139 18 4 279 13 80 74 140 241 36 318 57 36 169 285 178 120 99 166 78 93 27 244 232 312 319 146 329 298
split_gain=502.874 107.428 107.352 50.8293 61.8557 34.9441 33.2738 47.8868 34.959 32.4539 30.0935 25.8711 22.8102 21.0284 20.621 19.7429 19.2307 18.5613 17.6074 16.8414 16.5779 21.3185 16.5517 16.1695 16.0469 15.6581 15.4377 15.4127 14.8789 14.5051 16.7427 14.3543 14.2113 14.0172 13.522 13.2065 13.1665 13.1636 14.578 13.7176 13.0692 12.9095 12.8834 12.7124 14.2591 14.1205 12.6166 16.814 13.5719 12.6103 12.5887 12.5817 12.5035 12.4994 12.4155 12.4071 12.0122 11.9646 11.7655 12.2391 11.6872 11.6302 11.596 11.4097 11.0521 10.8485 10.8069 10.6735 11.1256 11.7547 10.3882 10.2842 11.5341 10.1282 10.0769 10.0526 13.3397 14.0767 11.8733 13.8124 11.1741 10.8677 9.95659 9.95629 9.89809 9.86104 9.80153 10.3155 9.74432 9.71389 9.60401 9.3915 9.28115 10.1578 9.26237 10.2755 9.19331 9.00141 8.95332 8.75269 9.35098 8.72261 8.71449 10.7643 8.69805 8.6254 8.53486 8.51693 8.42949 8.74057 8.35815 11.2641 8.71071 14.0643 8.342 8.33093 8.27779 9.52803 8.27623 8.25514 8.23414 11.8229 10.5715 8.18536 8.14685 8.11694 8.08054 7.97464 7.94756 7.9369 7.89223 9.01502 7.7941 7.7837 7.76345 7.68059 7.59573 7.57899 7.57446 9.1196 7.55418 7.50917 8.2682 7.45824 7.42759 7.3982 9.58354 7.37637 7.3165 13.4078 7.28375 7.25765 7.99543 7.17066 8.06269 7.1486 7.08876 7.03998 8.67818 11.6153 7.02089 6.78774 6.63337 6.60162 6.5828 6.51405 7.55555 6.47504 6.44678 6.284 8.47843 6.25351 6.18122 10.3273 6.12857 6.07511 6.06945 6.00917 5.9934 7.48116 5.92391 5.88702 5.86134 5.84091 7.19937 5.42161 5.39065 5.36219 5.30249 5.2767 5.15189 5.06984 5.05185 4.91888 4.91498 4.91387 4.89334 4.87877 4.71456 4.70728 4.41023 4.34487 4.26467 4.26015 4.22229 4.20547 4.17862 4.15119 4.0481 3.94727 3.92386 3.73995 3.58262 3.40068 3.10893 2.41674 2.19107 1.99742 1.33112 0.921052 0.546927 0.485986 0.246585
threshold=-7.5913806085736715e-06 -7.0395567490777458e-06 1.3961378954263639e-05 -0.86493045091629017 0.00018462911248207095 2.565056183811976e-05 -0.68359068036079396 -2.2355467081069943e-05 -0.00017474032938480374 -0.00022223778069019315 -3.0662165954709046e-05 0.0001262985169887543 0.00013335111725609752 0.00039327333797700709 6.9094821810722365e-05 -0.00010175444185733794 0.00082530506188049923 0.0023243360919877891 4.2029721953440464e-05 0.00070391542976722132 -0.00012875415995949877 0.38035498559474951 -3.2195821404457086e-05 0.00065830809762701403 3.5230495996074758e-05 6.8497225583996637e-05 0.00053540762746706616 4.2144674807786948e-05 0.00019363884348422292 0.08804666250944139 -0.00070590525865554799 -3.0165457246766888e-05 -0.0045929274056106797 -0.00026835070457309479 -0.0011834262404590843 -0.00024644471704959864 2.6769936084747318e-05 -9.6552692411933081e-05 -0.00023310879623750222 0.0010143544059246781 0.00025812942476477479 -0.00010256562381982802 -6.1864033341407762e-05 0.0017033721669577064 0.00059558966313488792 -7.7441334724426256e-05 0.00012829906336264688 -0.00021805292635690418 0.00017368094995617869 -1.4710969367115465e-06 -9.85153019428253e-06 -0.85828685760498036 -4.5821931053069413e-05 -2.6763647838379253e-05 0.00019409042579354721 0.00039504840970039373 -6.3824158132774742e-05 0.00014447035209741446 0.01583721395581961 -0.00014935266517568377 -0.00058095846907235671 1.1991709470748903e-05 -0.91628018021583546 -0.010309992823749779 -0.0010939587373286484 -5.0057657063007348e-05 -1.2322212569415568e-05 -7.0706882979720822e-06 -8.1688478530850248e-05 -3.309501335024833e-05 -0.00063264192431233812 0.00011955356967519039 3.4030061215162284e-05 -1.0000000180025095e-35 0.0050883688963949689 0.00078164512524381291 0.00014887833822285759 0.00040809906204231089 0.0033053110819309954 -3.0450522899627682e-05 0.0054410633165389308 0.084939822554588332 0.00019419292220845821 -0.0018407725146971641 1.8649423509486954e-05 -0.86493045091629017 5.0572409236337996e-05 1.3141892850399019e-05 0.51802527904510509 0.00011394545435905458 0.00029854288732167339 7.5990959885530187e-05 -0.0005798798520117997 4.1386903831153184e-05 0.00017296150326728824 -0.0042907015886157742 -3.3797696232795711e-06 -0.00017949379980564115 9.6364878118038191e-05 0.00068512096186168503 0.0002440214448142797 0.004776592133566738 -9.5581635832786547e-05 0.92530351877212536 8.9512141130398972e-05 1.9806437194347385e-05 0.00051589222857728611 0.00046582111099269247 0.00010846764780580999 -0.12225960940122603 1.0695308446884157e-05 6.7794695496559157e-05 -0.00071249215397983779 0.85721835494041454 -0.070139434188604341 4.0977261960506446e-05 0.0039631386753171691 -0.14289101213216779 5.0557011945784333e-06 -0.00019140630320180205 0.0003034401015611366 -0.002227034885436296 8.7143835116876303e-05 -0.0001914463937282562 8.1942809629254057e-05 9.0191140770912184e-05 1.605041325092316e-05 0.00085776252672076236 -0.0012268217978999017 0.002247531665489078 5.2602030336856849e-05 0.00037437505670823162 -0.0011076222872361539 -0.00013551418669521806 -0.00015161186456680295 4.3439678847789771e-05 0.00035822656354866927 0.0010860566399060192 -0.0025249983882531519 3.8773196138208739e-05 2.9414015898510119e-06 8.1596052041277303e-05 -2.5490955522400324e-05 1.1554802767932417e-06 0.0030969860963523392 -6.0647260397672646e-05 0.0004450280976016075 0.00011054985225200654 0.26766552031040197 -0.00021350628958316517 0.0011572031071409585 -5.2116811275482169e-06 0.7322969138622285 0.0012982151820324363 0.0010660841362550857 -4.2731873691081994e-05 1.0000000180025095e-35 0.00054884405108168732 0.00027970802329946315 1.0000000180025095e-35 -0.073043070733547197 -0.94762688875198353 -0.00012493226677179334 0.001368086726870388 -7.3360279202461229e-05 0.00013848518574377525 -0.00022702664136886594 1.0955923244182488e-05 8.6177140474319472e-05 -0.0023080632090568538 -0.00050019932677969326 9.9185697763459771e-05 0.34099718928337103 -0.00034222046087961639 4.670336784329266e-05 0.17131196707487109 6.6870823502540602e-05 -0.00012578211317304519 -4.8769148634164587e-05 0.00023380265338346365 0.00015863426961004737 -0.00041120871901512141 -1.8570572137832639e-06 -0.00010694113007048144 0.00012610165140358734 -0.24170188605785367 -8.2980841398239125e-07 0.00016237711679423231 -0.00018788060697261241 -9.5408409833908068e-05 -0.00018896737310569731 3.1665898859500892e-05 3.291852772235871e-05 -6.0441128880484023e-05 0.00031208145082928246 5.0365304559818476e-05 6.0428588767535991e-05 0.00095725952996872376 1.780921593308449e-06 -0.00014046393334865567 0.00032633543014526373 0.00035909135476686066 0.0011557847610674801 0.00019740311108762401 0.61624613404273998 0.00013097003102302554 0.00016167185094673189 0.30445255339145666 0.002328573958948255 0.00029198193806223577 -0.85681518912315358 2.7057595616497568e-05 0.19302782416343692 0.0001666117459535599 1.0000000180025095e-35 -4.1057355701923364e-05 0.0039355931803584107 7.8218922681116982e-06 0.0016670878394506874 -0.0038320132298395033 0.00028590673173312103 -0.8468879461288451 0.0024130808888003234
decision_type=8 10 8 10 10 8 8 10 10 10 10 8 10 10 8 10 8 10 10 8 10 10 10 8 10 10 10 10 10 8 10 10 8 10 10 8 10 10 8 8 10 10 10 8 10 10 10 8 10 10 10 10 10 8 10 10 10 10 10 8 10 10 10 10 10 10 10 10 10 10 8 10 10 10 10 10 10 10 10 10 10 10 10 10 10 10 10 10 10 10 10 10 10 10 10 10 10 10 10 8 10 10 10 8 10 10 10 8 10 10 10 10 10 10 10 10 8 10 10 10 10 10 10 10 10 10 10 10 10 10 10 10 8 10 10 10 8 10 10 10 10 10 10 10 10 10 10 10 10 10 10 10 8 10 10 10 10 10 10 10 10 10 10 8 10 10 10 10 10 8 10 10 10 10 10 10 10 10 10 10 10 10 10 10 10 10 10 10 10 8 8 10 10 10 10 10 10 10 10 10 10 10 8 10 8 10 10 10 8 10 10 10 10 10 10 10 8 10 8 8 10 10 10
left_child=2 6 10 4 11 9 7 8 85 51 15 24 18 14 17 49 25 22 61 35 75 50 193 33 42 65 94 37 53 30 -12 132 89 125 195 176 56 38 181 90 64 -17 -4 130 110 -46 47 188 60 84 73 204 82 128 174 138 144 -15 59 -41 -49 63 -44 167 119 -7 -30 68 165 -70 162 72 148 137 -55 78 77 105 79 108 -80 208 -34 141 99 189 87 171 107 -25 92 -58 -39 -94 95 -18 155 136 -89 -1 169 -75 -96 120 133 -77 -26 -37 187 -110 111 217 -112 -114 202 -63 156 -118 201 -32 121 211 -123 -98 -20 -9 -99 -38 -23 -56 131 -33 205 199 215 -53 -73 -22 -19 143 -125 -64 -143 -140 -16 -24 168 -47 -52 -150 -35 152 -72 154 -121 200 175 158 -27 -160 161 222 -31 -59 -106 166 -42 -11 -147 170 -101 -69 173 -71 -36 -95 -13 203 179 214 -78 -8 -153 -120 -185 -93 -124 -5 -43 -2 192 -137 197 -10 -129 -29 -68 -187 -86 -48 220 -97 -51 -6 -3 -14 -159 -174 -81 -177 -107 -104 -172 -168 -85 -109 -182 -45 -216 -117 -54 -199 -136
right_child=1 5 3 20 177 16 27 23 13 12 29 19 31 57 36 41 26 55 124 -21 21 28 145 32 106 157 -28 34 66 70 40 43 52 150 54 88 127 39 -40 58 67 46 62 44 45 147 104 48 -50 114 71 135 96 74 129 -57 91 163 -60 -61 -62 115 83 -65 -66 -67 196 86 69 172 151 97 -74 101 -76 76 180 -79 80 81 -82 -83 -84 178 198 -87 -88 98 -90 -91 -92 185 93 116 102 118 123 126 -100 100 -102 -103 103 -105 164 210 -108 134 109 -111 112 -113 113 -115 -116 219 117 -119 183 153 -122 122 186 140 -126 -127 -128 194 -130 -131 -132 -133 -134 -135 160 191 -138 -139 139 -141 -142 142 -144 -145 -146 146 -148 -149 149 -151 -152 182 -154 -155 -156 -157 -158 206 159 -161 -162 -163 -164 -165 -166 -167 213 -169 -170 -171 212 -173 207 -175 -176 209 -178 -179 -180 -181 216 -183 -184 184 -186 190 -188 -189 -190 -191 -192 -193 -194 -195 -196 -197 -198 221 -200 -201 -202 -203 -204 -205 -206 -207 -208 -209 -210 -211 -212 -213 -214 -215 218 -217 -218 -219 -220 -221 -222 -223 -224
leaf_value=0.0029856972250673604 -0.0071113938019103677 -0.0081895179804859202 -0.0007956406374761112 -0.002228628750375898 0.017189391497639223 -0.0074432112077919025 4.2879667744589603e-05 0.0078086092732152779 -0.0026159238625480231 0.0020023781337576759 -0.004196691775144621 -0.00035047463687890685 0.0087980290703702085 0.0040926363549810977 0.0004946978543305965 0.0036358702135960244 -5.2593028854626143e-05 -0.0023837852245873672 -0.00321315999734489 0.00023851516624918585 0.00034117313413357367 0.0018817997756734215 0.0044290235653843789 -0.0032955698321458656 0.0017491074280493492 0.0033665493182574459 -0.0093210722492130423 0.006877730985817284 0.0011212036812220329 -0.00020667386627073835 -0.0019889340126266527 0.0036767493920620642 0.0041396412401703622 0.00080339052937815326 -0.001221569556794703 0.0026230034882958613 -0.00036194104538677096 0.0010674155379525598 0.0042173163581402775 -0.0043287498986250353 0.0034239828073026049 -0.00011554803771789364 -0.00048212816023703947 -0.0045901581898950272 0.006005975409977723 -0.0033667902481538761 -0.0014181846291391402 -0.00057466879362131447 0.0014925588982787597 0.0072633610590619839 -0.00093528363968182874 -0.0040879131360507664 -0.011223426855540871 0.0078588574971163137 -0.0069353034593330034 -0.00023669168523219916 -0.0029426522142969665 -0.0058123717125538677 -0.0016108898826467204 -0.012690952115099923 -0.0087861515289446961 0.003224048469756611 0.0067079718696235113 -0.0021637475620975961 -0.003402697905424381 -0.00010615842303952328 -0.0085419250449091707 0.002067670338362491 -0.0013278939250688077 0.0012190562008958358 0.0024858738491521054 0.0058572601112977744 -0.0033175916638066563 -0.004443943009570967 -9.3933912644442817e-06 0.0015016084288998839 0.0012902548948820268 0.0048727033891243924 -0.0026739012962766397 0.0061148911224487923 0.0051375313623804077 0.0025052155878859538 -0.0039202462225345234 0.0049702563236799528 -3.3213661516681008e-05 -0.005413548418071336 -0.0022884841859476313 -0.0026071434257348403 0.0018697058134156564 0.0030623363110082254 0.0019734619776297212 -0.004340571703553113 0.00077006698472755701 -0.0022103499782998438 -0.0054670956531764885 -0.011677141260055587 0.0013409139100873191 0.0042293849208156417 0.0040276496513848657 -0.0013665613936999072 0.001710414297482725 0.0019957133412638042 -0.0011753405507664112 -0.0060465122890660172 -0.0049146555116942135 -0.0067436239566434101 -0.0053143523214402915 0.0065633530378777921 0.009506598288363614 0.0025557270085965044 0.0023752160620085553 -0.0012885696620159241 -0.0081716354406758968 0.0016418282016993329 -0.00076483222006256801 0.013097638046529915 -0.0056349803592139003 0.0010499237863850046 -4.4729733941233301e-05 0.0017211343109627326 0.0051226000743906106 0.0046753348347923695 0.0014727777736689707 -0.00018327974910905214 0.0030553943547854834 0.00029224899182760989 0.011028471077039399 -0.0080653345972577957 -0.0052469852293648804 -0.00018714443591014905 0.0059273701159462625 -0.0032486991085756557 3.4316132142309784e-05 -0.011677207043019206 0.011726737557985279 -0.0011979703688364284 -0.00080174068015341157 0.0069839683566879562 -0.0054473277151058938 -0.0031727691379635444 -0.0067734684467942244 0.0043784946127589991 -0.0020222275869447655 -0.013146577426469658 -0.0067549109210283103 -0.0015766571810926777 -0.0041863718552421943 0.0025608285316379375 0.0088297131008406513 0.00015651477123863848 -0.0048358114148573774 -0.0077768981350195537 -0.0041145123758993124 -0.00064228678628963339 0.0092044277999618011 -0.0030017727029222323 -0.0011373806384482054 0.0014541214015968557 -0.0051706931233999262 0.002773736046519593 0.0025194414601865441 0.0044737592966135045 0.0058898031788475174 -0.00029148872349480992 0.0014786695034966263 0.0025717681980025743 0.01246502731991397 0.0086052881025787901 0.0050036618321897776 0.0005525831717362301 -0.0036497499786911649 0.0073317892366169916 0.0040470953273939224 0.0089640420704513099 0.0051394323112540488 -0.010126470433159195 0.0057416872204885741 0.0066835736416695091 0.0030315872795303989 0.0027390947772765982 0.0093362154497866352 -0.0061794039297191133 -0.0011438091966100112 -0.0021537487330874567 -0.0088794617195521695 -0.0067386796218387003 -0.0043586718164505432 0.0034879602059589053 0.0059917043867294415 -0.015275235478919638 -0.0047546912372962383 0.0043779152858972447 -0.0060314929670852533 -0.008945273932826325 -0.0022842817758938665 0.00082877939877250815 -0.0025698924735856172 -0.014030293784592664 0.0057521545023585998 -0.007385490575199433 -0.0037829822160774258 -0.0044550306917597055 0.0019647562345269883 0.0087174574061997107 -0.0026603971770065207 0.0028102417647437291 0.0072281239113639378 -0.0011914232783965123 0.012647245349607192 -0.0049837425095358026 -0.0012674367010374057 -0.0066759897867253648 -0.0097588837120792023 0.0057724119555716148 0.012205195188602063 0.01290094909857503 0.003917282893731687 -0.010333067173824774 0.0064489786255310733 0.0066884065887911383 -0.0061926000601491317 -0.0085778918861356482 0.0065276491584962803
leaf_weight=122.24841266870499 103.24063760042191 168.24712547659874 194.99337092041969 108.74685215950012 188.9582954198122 132.49705636501312 121.99860219657421 107.24833028018475 123.24622984230518 140.24756099283695 125.4976112395525 124.24591872096062 101.99815286695957 108.49804681539536 100.24704638123512 101.24791629612446 170.24736374616623 109.99742083251476 141.24732580780983 146.24332219362259 160.99685163795948 101.49788261950016 114.74798783659935 155.74639710783958 132.74578805267811 193.99573613703251 144.49785654246807 113.99883206188679 112.99794195592403 162.99684676527977 132.74705462157726 135.49752385914326 101.99836504459381 182.74605569243431 106.99875372648239 101.74182830750942 155.99523822963238 167.99831050634384 182.74772083759308 176.49769347906113 121.49729552865028 104.74874402582645 150.74296870827675 102.49848072230816 147.24795597791672 197.74696607887745 115.24836771190166 111.2483217716217 137.99808239936829 167.24758513271809 100.99774508178234 140.49843011796474 173.99429003894329 124.74757818877697 150.7481042444706 110.49811573326588 108.99477544426918 154.99510429799557 146.49755789339542 146.74751861393452 177.99766783416271 106.49738267064095 107.99517846107483 103.99809603393078 195.74691697955132 172.24656546115875 132.24769406020641 192.24670861661434 175.49667719006538 113.99683398008347 168.49715138971806 120.49691277742386 113.24811235070229 188.49569118022919 118.2478906661272 173.99487917125225 107.9975526034832 169.74527291953564 130.49599578976631 126.99601456522942 124.49683789908886 100.99683281779289 103.24816612899303 116.4956359565258 101.99856728315353 130.99529375135899 167.99730616807938 182.49683931469917 101.24438233673573 192.24691142141819 148.4976731389761 107.24534891545773 155.74774612486362 106.49885700643063 157.49700130522251 102.24844951927662 121.99732728302479 177.99601994454861 115.99776105582714 174.99798589944839 148.74834010004997 125.74665477871895 100.99833472073078 101.99838036298752 128.24862180650234 102.7466831356287 106.9972068965435 102.24301907420158 129.74501572549343 180.74310041964054 166.74745799601078 186.99709412455559 99.998512491583824 102.99845004081726 120.49845944344997 106.74792313575745 129.74840769171715 186.24782353639603 127.24812100827694 131.24773417413235 101.99858467280865 186.74672943353653 110.74840298295021 105.74764047563076 150.74743376672268 107.74775245785713 165.24500526487827 165.49453108012676 115.49764573574066 119.748405367136 148.74716550111771 125.74790802598 134.74811074137688 108.49848762154579 183.48658014833927 121.74852015078068 125.49695631861687 102.74793909490108 126.99580074846745 112.74797070026398 189.99582055211067 123.74566867947578 165.74470303952694 184.99442791938782 102.49709968268871 101.49794127047062 175.74709650874138 118.49823646247387 148.24571718275547 124.99680563807487 154.49594403803349 109.4982994645834 100.24859018623829 105.24761460721493 101.74802874028683 165.74716944992542 109.24855710566044 107.24820502102375 157.74719685316086 108.99856899678707 121.49493978917599 170.74122004210949 105.24767532944679 175.99536067247391 100.99878442287445 126.24737712740898 149.24633730947971 108.99771858751774 102.74836553633213 101.74888032674789 106.9987845569849 196.49657905101776 109.4970673173666 186.49423003196716 103.24877263605595 210.49714557826519 113.24432829022408 99.989247679710388 167.24548773467541 113.2449364066124 107.7471981048584 100.74879531562328 104.24739947915077 166.2475568652153 104.99784098565578 139.49354994297028 107.99823302030563 115.24669069051743 102.49851109087467 218.47685138881207 104.24556018412113 105.74892728030682 141.24589546024799 100.74754886329174 117.24623884260654 99.999042853713036 123.99780005216599 372.22814947366714 105.24820679426193 100.74852426350117 102.24819485843182 100.49844640493393 118.9985024780035 112.22926649451256 116.74808950722218 122.24772401154041 100.99828666448593 100.24756842851639 196.99300415813923 180.2475401610136 111.24725908041 101.24827459454536 113.49885648488998 111.24774122238159 169.48916481435299 312.22029402852058 103.49729153513908 100.74841085076332 113.24286139011383 100.2483965754509 114.24606478214264 141.74558085203171 106.99230861663818
leaf_count=489 413 673 780 435 756 530 488 429 493 561 502 497 408 434 401 405 681 440 565 585 644 406 459 623 531 776 578 456 452 652 531 542 408 731 428 407 624 672 731 706 486 419 603 410 589 791 461 445 552 669 404 562 696 499 603 442 436 620 586 587 712 426 432 416 783 689 529 769 702 456 674 482 453 754 473 696 432 679 522 508 498 404 413 466 408 524 672 730 405 769 594 429 623 426 630 409 488 712 464 700 595 503 404 408 513 411 428 409 519 723 667 748 400 412 482 427 519 745 509 525 408 747 443 423 603 431 661 662 462 479 595 503 539 434 734 487 502 411 508 451 760 495 663 740 410 406 703 474 593 500 618 438 401 421 407 663 437 429 631 436 486 683 421 704 404 505 597 436 411 407 428 786 438 746 413 842 453 400 669 453 431 403 417 665 420 558 432 461 410 874 417 423 565 403 469 400 496 1489 421 403 409 402 476 449 467 489 404 401 788 721 445 405 454 445 678 1249 414 403 453 401 457 567 428
internal_value=-5.06767e-05 -0.00255052 0.00262727 0.00412718 0.0058876 -0.000577925 -0.00395381 -0.0048002 -0.00607493 0.000730837 0.000651339 0.00491271 0.00162545 -0.0053525 -0.0059269 -0.00095207 -0.00222146 -0.00398314 0.00412618 0.00674199 0.00270415 0.00157972 -0.00169869 -0.00230584 0.0031107 6.37069e-05 -0.00339004 -0.002194 -0.0010215 0.00184256 0.00249216 0.000393109 -0.00335508 0.000611671 0.000404354 0.00739119 -0.00737429 -0.00298583 0.000270237 -0.00368933 0.00282966 -0.00271299 0.00391011 -0.000415661 -0.00143609 0.00129485 -0.0033052 -0.00131351 -0.00353105 0.000705952 0.00287991 -0.00324054 -0.00438769 0.00136238 -0.00146193 -0.00640025 -0.00839234 -0.00119344 -0.00660547 -0.00864331 -0.00586931 0.00587538 0.00465814 0.00311496 0.000382342 -0.00355812 -0.00390868 0.00361453 0.00482999 0.00302607 -0.000616983 0.00413931 0.00187793 0.000473831 0.00432042 0.004012 0.00230036 0.000383865 0.0051907 0.00619497 0.0012362 0.00886849 9.70772e-05 0.00537314 -0.000538207 -0.0112894 0.00184607 0.00289291 0.00824423 0.000192359 -0.00262768 -0.00921468 -0.00319845 -0.00387045 -0.00279742 -0.00441191 -0.00531571 0.00588713 6.22084e-05 -0.00158857 -0.00251787 -0.00190184 -0.0014491 -0.000556799 -0.00546198 -0.0017226 -0.00156978 0.0087876 0.00382595 0.00585985 -0.00309209 -0.00506216 -0.000859733 -0.00349171 0.00357518 0.00861246 -0.00465364 -0.00186694 -0.00560486 0.00202996 0.000376237 -0.000558185 0.00141312 -0.00286709 1.14979e-05 0.00438717 0.00792964 -0.00408358 -0.00203514 -0.00416646 0.0025546 0.000349283 0.00390086 -0.00750111 0.00935263 -0.000709791 0.00265523 0.00323889 -0.00761944 -0.00880718 -0.00457792 0.00266443 0.000819966 -0.0105296 -0.00344777 0.000388472 -0.000992115 -0.00112548 0.00353868 0.00514337 -0.00190612 -0.00233913 -9.06825e-05 0.0036302 0.00545835 -0.00699132 -0.00599962 0.00176895 0.00033107 -0.00195737 0.0073418 0.0084546 0.00242802 -0.00306067 -0.00220533 0.00705718 0.00833789 0.00531463 0.00188467 -0.00379997 -0.00489245 0.00495706 0.00451722 0.00628527 0.00207729 -0.00698261 0.00277483 0.0131691 0.00683571 0.00791669 0.00542857 -0.00304871 -0.0049165 -0.00362641 -0.00518822 -0.00982349 -0.00153024 0.000757422 0.00316642 -0.013225 -0.0103689 0.00153823 -0.0109705 -0.00596262 -0.00597734 0.00436355 -0.00604733 -0.0118273 0.0031525 -0.00459156 -0.00845596 -0.00881869 0.00533279 0.014772 -0.0062475 0.00603119 0.00464246 0.00165758 0.0105911 -0.00811235 -0.00424842 -0.00428203 -0.00734441 0.0102222 0.00918463 0.0117116 0.00724968 -0.00810757 0.010478 0.0108564 -0.00976061 -0.0129042 0.0103556
internal_weight=30007.2 15520.2 14487 8223.14 3647.76 6463.14 9057.02 6092.3 4012.85 3604.19 6263.89 3246.58 2951.2 3560.14 3120.65 2671.71 2858.95 1363.97 958.732 1583.9 4575.38 2483.94 718.735 2079.45 1662.68 973.732 1885.22 2964.71 829.234 3592.18 2841.44 1992.47 1527.22 552.238 694.742 1437.65 1756.68 2269.97 405.495 1864.47 2715.94 1289.48 1422.94 1633.47 1223.48 463.493 1188.23 634.491 427.244 1382.23 1654.71 652.991 1179.22 459.991 480.744 645.234 1317.94 439.489 469.743 323.245 289.246 666.737 1227.95 353.243 666.737 304.744 369.243 2049.21 1193.97 685.732 750.736 1076.72 487.488 577.987 242.995 2091.44 876.976 557.734 1214.46 959.468 254.993 424.986 205.247 1077.2 975.488 452.713 855.235 687.238 1200.16 347.993 1394.73 1115.2 1246.23 1078.24 1740.72 771.488 973.977 589.235 298.495 768.241 645.993 314.242 969.234 811.737 553.743 387.989 239.743 1098.92 534.482 310.488 759.988 390.244 369.744 202.997 406.745 313.494 922.488 315.996 601.24 470.99 709.739 607.74 405.493 417.741 291.995 214.996 343.241 438.736 216.996 270.497 409.993 261.245 358.994 324.495 997.178 367.996 245.994 263.745 534.736 424.738 295.743 397.486 289.49 311.99 202.744 494.741 379.993 316.245 374.24 273.243 337.242 482.491 268.746 338.243 232.996 556.236 606.492 668.988 460.742 266.746 582.715 461.22 268.245 330.99 229.247 508.239 381.991 249.245 204.246 497.245 395.496 388.743 510.236 300.491 210.248 497.244 237.49 401.177 679.718 512.473 319.242 222.747 213.746 398.494 271.245 1006.2 218.747 223.994 207.247 321.717 898.959 227.497 794.713 223.994 282.741 213.998 256.245 653.467 207.247 215.997 390.489 202.747 286.246 301.188 284.995 224.246 208.246 209.745 323.989 390.745 213.994 202.247 220.498 260.494 399.228 414.463 211.244 203.247 282.732 206.996 288.24 513.974 290.479
internal_count=120032 62082 57950 32894 14592 25853 36229 24370 16052 14417 25056 12987 11805 14241 12483 10687 11436 5456 3835 6336 18302 9936 2875 8318 6651 3895 7541 11859 3317 14369 11366 7970 6109 2209 2779 5751 7027 9080 1622 7458 10864 5158 5692 6534 4894 1854 4753 2538 1709 5529 6619 2612 4717 1840 1923 2581 5272 1758 1879 1293 1157 2667 4912 1413 2667 1219 1477 8197 4776 2743 3003 4307 1950 2312 972 8366 3508 2231 4858 3838 1020 1700 821 4309 3902 1811 3421 2749 4801 1392 5579 4461 4985 4313 6963 3086 3896 2357 1194 3073 2584 1257 3877 3247 2215 1552 959 4396 2138 1242 3040 1561 1479 812 1627 1254 3690 1264 2405 1884 2839 2431 1622 1671 1168 860 1373 1755 868 1082 1640 1045 1436 1298 3989 1472 984 1055 2139 1699 1183 1590 1158 1248 811 1979 1520 1265 1497 1093 1349 1930 1075 1353 932 2225 2426 2676 1843 1067 2331 1845 1073 1324 917 2033 1528 997 817 1989 1582 1555 2041 1202 841 1989 950 1605 2719 2050 1277 891 855 1594 1085 4025 875 896 829 1287 3596 910 3179 896 1131 856 1025 2614 829 864 1562 811 1145 1205 1140 897 833 839 1296 1563 856 809 882 1042 1597 1658 845 813 1131 828 1153 2056 1162
is_linear=0
shrinkage=0.02


end of trees

feature_importances:
Column_329=27
Column_110=14
Column_330=13
Column_1=11
Column_22=10
Column_93=10
Column_19=8
Column_34=8
Column_38=8
Column_74=8
Column_87=8
Column_123=8
Column_140=8
Column_325=8
Column_46=7
Column_48=7
Column_77=7
Column_99=7
Column_160=7
Column_298=7
Column_311=7
Column_8=6
Column_36=6
Column_51=6
Column_56=6
Column_90=6
Column_102=6
Column_108=6
Column_173=6
Column_313=6
Column_334=6
Column_17=5
Column_18=5
Column_20=5
Column_50=5
Column_58=5
Column_86=5
Column_114=5
Column_198=5
Column_274=5
Column_312=5
Column_318=5
Column_7=4
Column_27=4
Column_29=4
Column_42=4
Column_59=4
Column_67=4
Column_91=4
Column_95=4
Column_101=4
Column_103=4
Column_122=4
Column_158=4
Column_165=4
Column_167=4
Column_179=4
Column_199=4
Column_203=4
Column_205=4
Column_236=4
Column_240=4
Column_244=4
Column_251=4
Column_252=4
Column_289=4
Column_12=3
Column_16=3
Column_24=3
Column_33=3
Column_41=3
Column_44=3
Column_45=3
Column_49=3
Column_54=3
Column_62=3
Column_76=3
Column_78=3
Column_79=3
Column_84=3
Column_88=3
Column_89=3
Column_94=3
Column_106=3
Column_125=3
Column_135=3
Column_139=3
Column_161=3
Column_166=3
Column_171=3
Column_172=3
Column_178=3
Column_202=3
Column_208=3
Column_210=3
Column_215=3
Column_237=3
Column_241=3
Column_247=3
Column_249=3
Column_262=3
Column_278=3
Column_279=3
Column_293=3
Column_303=3
Column_0=2
Column_2=2
Column_4=2
Column_9=2
Column_10=2
Column_13=2
Column_28=2
Column_31=2
Column_35=2
Column_57=2
Column_63=2
Column_64=2
Column_70=2
Column_71=2
Column_75=2
Column_80=2
Column_81=2
Column_92=2
Column_100=2
Column_120=2
Column_121=2
Column_124=2
Column_129=2
Column_132=2
Column_134=2
Column_200=2
Column_206=2
Column_222=2
Column_224=2
Column_234=2
Column_243=2
Column_245=2
Column_255=2
Column_275=2
Column_276=2
Column_282=2
Column_285=2
Column_287=2
Column_288=2
Column_292=2
Column_317=2
Column_319=2
Column_322=2
Column_328=2
Column_5=1
Column_14=1
Column_43=1
Column_52=1
Column_55=1
Column_60=1
Column_65=1
Column_66=1
Column_68=1
Column_69=1
Column_72=1
Column_73=1
Column_82=1
Column_113=1
Column_130=1
Column_131=1
Column_138=1
Column_141=1
Column_144=1
Column_146=1
Column_151=1
Column_156=1
Column_162=1
Column_164=1
Column_169=1
Column_170=1
Column_174=1
Column_177=1
Column_182=1
Column_186=1
Column_190=1
Column_194=1
Column_204=1
Column_211=1
Column_212=1
Column_214=1
Column_232=1
Column_238=1
Column_239=1
Column_256=1
Column_270=1
Column_272=1
Column_284=1
Column_286=1
Column_296=1
Column_300=1
Column_302=1
Column_310=1
Column_314=1
Column_321=1
Column_323=1
Column_327=1

parameters:
[boosting: gbdt]
[objective: binary]
[metric: auc]
[tree_learner: serial]
[device_type: cpu]
[data_sample_strategy: bagging]
[data: ]
[valid: ]
[num_iterations: 800]
[learning_rate: 0.02]
[num_leaves: 255]
[num_threads: 16]
[seed: 0]
[deterministic: 1]
[force_col_wise: 1]
[force_row_wise: 0]
[histogram_pool_size: -1]
[max_depth: -1]
[min_data_in_leaf: 400]
[min_sum_hessian_in_leaf: 0.001]
[bagging_fraction: 0.8]
[pos_bagging_fraction: 1]
[neg_bagging_fraction: 1]
[bagging_freq: 1]
[bagging_seed: 0]
[bagging_by_query: 0]
[feature_fraction: 0.5]
[feature_fraction_bynode: 1]
[feature_fraction_seed: 0]
[extra_trees: 0]
[extra_seed: 11797]
[early_stopping_round: 0]
[early_stopping_min_delta: 0]
[first_metric_only: 0]
[max_delta_step: 0]
[lambda_l1: 0]
[lambda_l2: 20]
[linear_lambda: 0]
[min_gain_to_split: 0]
[drop_rate: 0.1]
[max_drop: 50]
[skip_drop: 0.5]
[xgboost_dart_mode: 0]
[uniform_drop: 0]
[drop_seed: 21238]
[top_rate: 0.2]
[other_rate: 0.1]
[min_data_per_group: 100]
[max_cat_threshold: 32]
[cat_l2: 10]
[cat_smooth: 10]
[max_cat_to_onehot: 4]
[top_k: 20]
[monotone_constraints: ]
[monotone_constraints_method: basic]
[monotone_penalty: 0]
[feature_contri: ]
[forcedsplits_filename: ]
[refit_decay_rate: 0.9]
[cegb_tradeoff: 1]
[cegb_penalty_split: 0]
[cegb_penalty_feature_lazy: ]
[cegb_penalty_feature_coupled: ]
[path_smooth: 0]
[interaction_constraints: ]
[verbosity: -1]
[saved_feature_importance_type: 0]
[use_quantized_grad: 0]
[num_grad_quant_bins: 4]
[quant_train_renew_leaf: 0]
[stochastic_rounding: 1]
[linear_tree: 0]
[max_bin: 255]
[max_bin_by_feature: ]
[min_data_in_bin: 3]
[bin_construct_sample_cnt: 200000]
[data_random_seed: 0]
[is_enable_sparse: 1]
[enable_bundle: 1]
[use_missing: 1]
[zero_as_missing: 0]
[feature_pre_filter: 1]
[pre_partition: 0]
[two_round: 0]
[header: 0]
[label_column: ]
[weight_column: ]
[group_column: ]
[ignore_column: ]
[categorical_feature: ]
[forcedbins_filename: ]
[precise_float_parser: 0]
[parser_config_file: ]
[objective_seed: 8855]
[num_class: 1]
[is_unbalance: 0]
[scale_pos_weight: 1]
[sigmoid: 1]
[boost_from_average: 1]
[reg_sqrt: 0]
[alpha: 0.9]
[fair_c: 1]
[poisson_max_delta_step: 0.7]
[tweedie_variance_power: 1.5]
[lambdarank_truncation_level: 30]
[lambdarank_norm: 1]
[label_gain: ]
[lambdarank_position_bias_regularization: 0]
[eval_at: ]
[multi_error_top_k: 1]
[auc_mu_weights: ]
[num_machines: 1]
[local_listen_port: 12400]
[time_out: 120]
[machine_list_filename: ]
[machines: ]
[gpu_platform_id: -1]
[gpu_device_id: -1]
[gpu_use_dp: 0]
[num_gpu: 1]

end of parameters

pandas_categorical:null
